1 1 4.3
1 2 4.5
1 3 3.9
1 4 4.6
1 5 4.5
1 6 4.9
1 7 4
1 8 4.5
1 9 4.3
1 10 4.6
1 11 4.1
1 12 4.3
1 25 4.5
1 26 4.2
1 27 4.6
1 28 4.3
1 29 4.7
1 30 4.2
1 31 4.3
1 32 3.7
1 33 4.3
1 34 3.9
1 35 4
1 36 4.6
1 37 4.5
1 38 4.8
1 53 1.8
1 54 2.7
1 55 3.5
1 56 3.3
1 57 3.2
1 58 2.7
1 59 2.8
1 60 2.8
1 61 2.5
1 62 2.1
1 63 2.1
1 64 2.4
1 77 2
1 78 2.2
1 79 1.6
1 80 1.9
1 81 3.2
1 82 1.5
1 83 3.5
1 84 3.5
1 85 3.5
1 86 3.2
1 87 3.5
1 88 1.8
1 125 1.6
1 126 3.1
1 127 3
1 128 2
1 129 3.4
1 130 1.5
1 131 2.8
1 132 2.3
1 133 2
1 134 3.4
1 135 3.1
1 136 1.9
1 173 2.3
1 174 3.4
1 175 3.5
1 176 2.6
1 177 1.9
1 178 2.3
1 179 3.4
1 180 3.2
1 181 1.7
1 182 3.3
1 183 2
1 184 1.6
1 185 1.7
1 186 2.1
2 1 4.3
2 2 4.4
2 3 4.9
2 4 4.5
2 5 4.5
2 6 4.6
2 7 4.9
2 8 4.6
2 9 4
2 10 4.5
2 11 4.6
2 12 4.5
2 25 4.9
2 26 5
2 27 4.8
2 28 4.7
2 29 4.3
2 30 4.8
2 31 4.3
2 32 4.5
2 33 4.9
2 34 4.4
2 35 5
2 36 4.9
2 37 4.1
2 38 4.3
2 53 2.5
2 54 2.1
2 55 3
2 56 3
2 57 2
2 58 3.5
2 59 3.5
2 60 2.4
2 61 3.5
2 62 1.6
2 63 1.5
2 64 2.3
2 77 3.4
2 78 3.2
2 79 2.3
2 80 3.3
2 81 2.2
2 82 3
2 83 2.3
2 84 2.6
2 85 2.1
2 86 1.7
2 87 2.4
2 88 1.6
2 125 1.9
2 126 1.7
2 127 2.7
2 128 2.9
2 129 3.2
2 130 2
2 131 1.5
2 132 2.7
2 133 2.3
2 134 1.8
2 135 3
2 136 3.2
2 173 3.1
2 174 1.6
2 175 2.6
2 176 2.5
2 177 1.5
2 178 2.7
2 179 2.3
2 180 2.4
2 181 1.9
2 182 1.5
2 183 2.5
2 184 2.7
2 185 2.1
2 186 2.3
3 1 4.8
3 2 4.8
3 3 5
3 4 4.5
3 5 4.1
3 6 4.7
3 7 4.2
3 8 4.4
3 9 4.8
3 10 4.6
3 11 4.2
3 12 4.7
3 25 4.6
3 26 4.6
3 27 4.5
3 28 4.7
3 29 4.1
3 30 4.1
3 31 4.7
3 32 5
3 33 4.4
3 34 5
3 35 4.2
3 36 4
3 37 4.5
3 38 4.8
3 53 3
3 54 2.6
3 55 3.2
3 56 2.7
3 57 2.2
3 58 3
3 59 2.5
3 60 2.7
3 61 1.7
3 62 2.6
3 63 3.3
3 64 2.2
3 77 2.1
3 78 2.7
3 79 2.5
3 80 1.5
3 81 2.6
3 82 3
3 83 3.2
3 84 1.8
3 85 3.5
3 86 2.4
3 87 3.3
3 88 1.9
3 125 2.4
3 126 2.6
3 127 3
3 128 3.5
3 129 2.9
3 130 1.6
3 131 2.8
3 132 1.7
3 133 1.6
3 134 3.2
3 135 1.8
3 136 3
3 173 1.5
3 174 1.7
3 175 3.4
3 176 2.9
3 177 2.4
3 178 2.7
3 179 2.5
3 180 1.9
3 181 3.4
3 182 2.7
3 183 2.9
3 184 3.1
3 185 3.3
3 186 2.5
4 1 2.2
4 2 2
4 3 1.9
4 4 3.4
4 5 3.2
4 6 2.8
4 7 2.5
4 8 3.4
4 9 1.8
4 10 3.2
4 11 3.2
4 12 2.7
4 25 2.2
4 26 3.3
4 27 1.6
4 28 1.6
4 29 1.5
4 30 1.5
4 31 3
4 32 3.1
4 33 2.2
4 34 1.6
4 35 2.9
4 36 2.5
4 37 1.9
4 38 1.7
4 53 3.2
4 54 3.2
4 55 1.9
4 56 2.4
4 57 1.8
4 58 1.6
4 59 3.5
4 60 2.8
4 61 3.4
4 62 3.4
4 63 1.5
4 64 3.1
4 77 1.5
4 78 2.7
4 79 3.3
4 80 2.2
4 81 3.2
4 82 2.8
4 83 2.5
4 84 2.8
4 85 2.3
4 86 3.4
4 87 2
4 88 3.4
4 125 2.2
4 126 2.3
4 127 2
4 128 1.6
4 129 3.4
4 130 2.2
4 131 2.2
4 132 2.2
4 133 2.9
4 134 1.6
4 135 1.5
4 136 1.7
4 173 2.8
4 174 2.3
4 175 1.8
4 176 2.5
4 177 1.9
4 178 3.2
4 179 3.2
4 180 2.2
4 181 2
4 182 1.9
4 183 2.1
4 184 2.7
4 185 3.4
4 186 3.1
5 1 4
5 2 4.6
5 3 4.2
5 4 4.1
5 5 4.5
5 6 4.6
5 7 4
5 8 4.8
5 9 4.1
5 10 4.7
5 11 4.2
5 12 4.4
5 25 4.2
5 26 4.6
5 27 4.1
5 28 4
5 29 4.7
5 30 4.5
5 31 4.3
5 32 4.6
5 33 4.5
5 34 4.5
5 35 4
5 36 4.8
5 37 4.4
5 38 4.5
5 53 1.5
5 54 3
5 55 3.3
5 56 2.6
5 57 2.9
5 58 2.5
5 59 1.6
5 60 3.1
5 61 3.1
5 62 1.6
5 63 2.1
5 64 2.8
5 77 2.8
5 78 3.2
5 79 2.6
5 80 2
5 81 3.4
5 82 2
5 83 3
5 84 1.7
5 85 2
5 86 2.5
5 87 2.9
5 88 2
5 125 3.2
5 126 3
5 127 1.6
5 128 3.1
5 129 2.8
5 130 1.5
5 131 1.6
5 132 3.3
5 133 2.3
5 134 2.6
5 135 1.6
5 136 2
5 173 3.4
5 174 2.4
5 175 3.1
5 176 2.7
5 177 2.4
5 178 3.4
5 179 3
5 180 3.5
5 181 3.5
5 182 2.9
5 183 2.1
5 184 1.5
5 185 2.2
5 186 1.6
6 1 4.8
6 2 4.7
6 3 4.1
6 4 4.1
6 5 5
6 6 4.4
6 7 4.4
6 8 4.2
6 9 4.7
6 10 4.9
6 11 4.9
6 12 4.2
6 149 4.7
6 150 4.8
6 151 4
6 152 4
6 153 4.9
6 154 4.4
6 155 4.7
6 156 4.1
6 157 4.2
6 158 4.6
6 159 4.6
6 160 4.9
6 25 3.2
6 26 1.8
6 27 2.7
6 28 2.1
6 29 2.3
6 30 1.8
6 31 1.6
6 32 3.5
6 33 3.3
6 34 1.6
6 35 2.1
6 36 1.7
6 37 3.3
6 38 2.8
6 77 1.5
6 78 2.2
6 79 2.5
6 80 3.1
6 81 2.4
6 82 3.5
6 83 3
6 84 2.1
6 85 2.9
6 86 2.4
6 87 3.3
6 88 3.5
6 173 1.6
6 174 2.8
6 175 1.8
6 176 3.5
6 177 1.6
6 178 3
6 179 2.1
6 180 2.9
6 181 1.5
6 182 2.4
6 183 2.1
6 184 2.2
6 185 2
6 186 1.7
6 101 1.8
6 102 2.6
6 103 2.7
6 104 1.8
6 105 3.3
6 106 2.1
6 107 3.1
6 108 2.7
6 109 2.7
6 110 2.6
6 111 2.4
6 112 2.1
7 1 4.4
7 2 4.5
7 3 4.5
7 4 4.8
7 5 4
7 6 4.8
7 7 4.1
7 8 5
7 9 4.5
7 10 4.5
7 11 4.7
7 12 4.8
7 149 4.2
7 150 4.7
7 151 4.2
7 152 4.8
7 153 4.9
7 154 4.5
7 155 5
7 156 4.3
7 157 4.6
7 158 4
7 159 4.9
7 160 4.5
7 25 2.8
7 26 2.3
7 27 2.2
7 28 2.9
7 29 2.2
7 30 2.2
7 31 1.8
7 32 2.2
7 33 3.4
7 34 3
7 35 3.2
7 36 2.5
7 37 1.6
7 38 2.4
7 77 1.8
7 78 1.6
7 79 2.8
7 80 1.8
7 81 2.7
7 82 2.9
7 83 3.1
7 84 2.3
7 85 3.3
7 86 2.5
7 87 1.5
7 88 2.7
7 173 2.3
7 174 2.1
7 175 3.2
7 176 3.2
7 177 2.1
7 178 2
7 179 3.5
7 180 2.9
7 181 2.5
7 182 2.3
7 183 1.9
7 184 1.7
7 185 3.2
7 186 1.6
7 101 3.4
7 102 2.5
7 103 1.7
7 104 1.5
7 105 3.3
7 106 2
7 107 2.9
7 108 1.6
7 109 2.4
7 110 1.9
7 111 2.3
7 112 2.2
8 1 4.7
8 2 4.8
8 3 4.7
8 4 4.6
8 5 4.3
8 6 4.9
8 7 4.1
8 8 4.5
8 9 4.4
8 10 4
8 11 4.5
8 12 4.3
8 149 4.4
8 150 4.4
8 151 4.3
8 152 4
8 153 4.3
8 154 5
8 155 4.2
8 156 4.9
8 157 4.5
8 158 4.7
8 159 4.1
8 160 5
8 25 1.6
8 26 3.2
8 27 1.5
8 28 1.7
8 29 3
8 30 3.1
8 31 2.6
8 32 2.4
8 33 1.7
8 34 1.7
8 35 2.4
8 36 3.2
8 37 3.1
8 38 2.6
8 77 1.6
8 78 2.9
8 79 2.4
8 80 2
8 81 3.5
8 82 1.7
8 83 2.5
8 84 3.5
8 85 2.5
8 86 2.8
8 87 1.6
8 88 2.3
8 173 3
8 174 2.4
8 175 2.2
8 176 2.6
8 177 2.7
8 178 2.2
8 179 2.4
8 180 1.9
8 181 3.1
8 182 2
8 183 2.4
8 184 1.5
8 185 2.4
8 186 2.3
8 101 3.4
8 102 2.2
8 103 2.9
8 104 2.2
8 105 2.5
8 106 2.9
8 107 1.8
8 108 3.3
8 109 2.5
8 110 1.9
8 111 2.5
8 112 2.9
9 1 5
9 2 4.8
9 3 4.5
9 4 4.7
9 5 4.4
9 6 4.2
9 7 4.7
9 8 4.1
9 9 4.6
9 10 4.2
9 11 4.3
9 12 4.2
9 149 4.2
9 150 4.2
9 151 4
9 152 4.2
9 153 4.7
9 154 4.7
9 155 4.6
9 156 4.2
9 157 4.9
9 158 4.8
9 159 4.6
9 160 4.8
9 25 1.8
9 26 2.4
9 27 3
9 28 3.4
9 29 3.5
9 30 2
9 31 1.7
9 32 3
9 33 2.5
9 34 1.7
9 35 1.5
9 36 1.6
9 37 3.4
9 38 1.8
9 77 2.7
9 78 1.5
9 79 2.5
9 80 2.6
9 81 2.1
9 82 3.4
9 83 2.6
9 84 1.7
9 85 3.2
9 86 3.5
9 87 2.6
9 88 2.2
9 173 2.8
9 174 3.5
9 175 2.6
9 176 1.9
9 177 2
9 178 2.7
9 179 3.3
9 180 2.1
9 181 2.7
9 182 1.6
9 183 2.6
9 184 3
9 185 3.4
9 186 2.3
9 101 2.2
9 102 1.6
9 103 3.2
9 104 1.5
9 105 3
9 106 2.7
9 107 2.5
9 108 2.7
9 109 2
9 110 2.8
9 111 1.7
9 112 2.9
10 1 4.4
10 2 4.5
10 3 4.7
10 4 4.9
10 5 4.7
10 6 4.7
10 7 4.1
10 8 5
10 9 4.7
10 10 4.9
10 11 4.3
10 12 5
10 149 4.2
10 150 4.9
10 151 4.3
10 152 4
10 153 4.6
10 154 4.3
10 155 4.8
10 156 4.2
10 157 4.8
10 158 4.1
10 159 4.9
10 160 4.7
10 25 3
10 26 2.3
10 27 3.3
10 28 2.3
10 29 3
10 30 2.8
10 31 3.5
10 32 3
10 33 3.3
10 34 2.2
10 35 2.4
10 36 2.4
10 37 2.8
10 38 2.8
10 77 3.4
10 78 2.5
10 79 2.6
10 80 2.1
10 81 2.5
10 82 3.3
10 83 1.9
10 84 2.3
10 85 2.6
10 86 3.1
10 87 2.9
10 88 3.2
10 173 2.3
10 174 2.5
10 175 2.2
10 176 2.9
10 177 2.6
10 178 3.5
10 179 2.9
10 180 2.7
10 181 1.7
10 182 3.5
10 183 1.7
10 184 2.8
10 185 3.5
10 186 2.2
10 101 2.4
10 102 2.2
10 103 3
10 104 2.9
10 105 1.8
10 106 1.5
10 107 1.5
10 108 3.3
10 109 3.2
10 110 2.3
10 111 2.8
10 112 1.8
11 53 4.8
11 54 4.3
11 55 4
11 56 4.5
11 57 4.7
11 58 4.3
11 59 5
11 60 4
11 61 4
11 62 4.6
11 63 5
11 64 5
11 101 4
11 102 5
11 103 4.1
11 104 4.9
11 105 5
11 106 4.5
11 107 4.1
11 108 4.5
11 109 4.8
11 110 5
11 111 4.8
11 112 4.9
11 1 3.3
11 2 3
11 3 2.3
11 4 2.8
11 5 2.4
11 6 2
11 7 2.8
11 8 3.4
11 9 1.7
11 10 3.4
11 11 2.7
11 12 2.1
11 77 1.6
11 78 2.2
11 79 1.5
11 80 1.7
11 81 2.1
11 82 1.6
11 83 2.5
11 84 1.5
11 85 1.9
11 86 2.4
11 87 2.4
11 88 3
11 173 2.2
11 174 2.4
11 175 3
11 176 1.8
11 177 3.5
11 178 3.5
11 179 3.5
11 180 2.3
11 181 1.7
11 182 1.7
11 183 3.4
11 184 3
11 185 2.9
11 186 3
11 149 3.2
11 150 2.2
11 151 2.7
11 152 1.8
11 153 2.9
11 154 3.4
11 155 2.7
11 156 3.3
11 157 3.5
11 158 1.5
11 159 1.5
11 160 3.5
12 53 4.8
12 54 4.9
12 55 4.6
12 56 4.2
12 57 4.8
12 58 4.5
12 59 4.7
12 60 4.1
12 61 4.6
12 62 4.4
12 63 4.4
12 64 5
12 101 4.1
12 102 4.9
12 103 4.5
12 104 4.8
12 105 5
12 106 4.1
12 107 4.8
12 108 4
12 109 4.6
12 110 4.6
12 111 4
12 112 5
12 1 1.8
12 2 2.3
12 3 3.4
12 4 2.4
12 5 1.5
12 6 1.6
12 7 3.2
12 8 3.3
12 9 2.6
12 10 3.5
12 11 2.3
12 12 2.5
12 77 3.5
12 78 3.5
12 79 3.4
12 80 2.3
12 81 3.2
12 82 2.7
12 83 1.8
12 84 3.5
12 85 2.9
12 86 1.5
12 87 2.5
12 88 1.9
12 173 1.6
12 174 2.5
12 175 2.7
12 176 2
12 177 3.5
12 178 2
12 179 2.8
12 180 2
12 181 2.6
12 182 2.4
12 183 2.3
12 184 2.5
12 185 1.6
12 186 2.8
12 149 3.5
12 150 2.2
12 151 3.5
12 152 2.5
12 153 2.9
12 154 2.3
12 155 2.2
12 156 2.5
12 157 3.1
12 158 2.5
12 159 3.3
12 160 2.8
13 53 4.9
13 54 5
13 55 4.7
13 56 4.7
13 57 4.8
13 58 4.8
13 59 4.5
13 60 4.8
13 61 4.1
13 62 4.4
13 63 4.4
13 64 4.5
13 101 4.6
13 102 4.6
13 103 4.7
13 104 4.2
13 105 4.1
13 106 4.8
13 107 4.1
13 108 4.2
13 109 4.8
13 110 4.8
13 111 4.2
13 112 4.7
13 1 2.9
13 2 3.1
13 3 1.7
13 4 2.1
13 5 2.1
13 6 1.7
13 7 2.3
13 8 2.7
13 9 3.5
13 10 2.5
13 11 1.7
13 12 1.7
13 77 2
13 78 3.1
13 79 1.6
13 80 2.6
13 81 3
13 82 1.7
13 83 2.6
13 84 2.2
13 85 1.6
13 86 3.4
13 87 1.7
13 88 1.7
13 173 2.9
13 174 2.4
13 175 3.2
13 176 1.9
13 177 2.9
13 178 1.8
13 179 3.4
13 180 1.8
13 181 2.7
13 182 2.7
13 183 2.7
13 184 2.9
13 185 1.6
13 186 2.2
13 149 2.6
13 150 3.3
13 151 2.2
13 152 1.9
13 153 2.2
13 154 2
13 155 3
13 156 1.9
13 157 3.4
13 158 2.1
13 159 3.4
13 160 3.4
14 53 4.1
14 54 4.9
14 55 4
14 56 4.9
14 57 4.7
14 58 4.1
14 59 4.2
14 60 4.6
14 61 4.4
14 62 4.8
14 63 4.8
14 64 4.2
14 101 5
14 102 4.3
14 103 4.5
14 104 4.4
14 105 4.5
14 106 4.2
14 107 4.7
14 108 4.8
14 109 5
14 110 5
14 111 4.1
14 112 4.7
14 1 3.2
14 2 3.4
14 3 3
14 4 1.6
14 5 3.1
14 6 2.1
14 7 2.9
14 8 2.4
14 9 1.5
14 10 3.4
14 11 3.1
14 12 3.5
14 77 1.5
14 78 2.2
14 79 2.1
14 80 2.1
14 81 2.3
14 82 3.1
14 83 1.5
14 84 2.7
14 85 3.5
14 86 2.7
14 87 3.1
14 88 1.6
14 173 3.2
14 174 2.9
14 175 1.7
14 176 3
14 177 2.5
14 178 1.7
14 179 3
14 180 2.4
14 181 2
14 182 2
14 183 1.7
14 184 3
14 185 1.8
14 186 1.7
14 149 1.8
14 150 1.7
14 151 1.9
14 152 2.9
14 153 2.5
14 154 3.5
14 155 3.2
14 156 1.5
14 157 3.4
14 158 2.4
14 159 2.3
14 160 3.2
15 53 4
15 54 5
15 55 4.2
15 56 4.9
15 57 4
15 58 4.7
15 59 5
15 60 4.4
15 61 4.3
15 62 4.2
15 63 4.2
15 64 4.2
15 101 4
15 102 4.6
15 103 4.1
15 104 4.8
15 105 4.2
15 106 4.5
15 107 4
15 108 4.9
15 109 4
15 110 4.6
15 111 5
15 112 4
15 1 2.3
15 2 2.3
15 3 2.6
15 4 1.8
15 5 2
15 6 2.4
15 7 1.7
15 8 2.7
15 9 2.5
15 10 3.5
15 11 2.2
15 12 2.1
15 77 2.8
15 78 2.4
15 79 3.1
15 80 1.7
15 81 1.6
15 82 1.7
15 83 3.3
15 84 2.1
15 85 2.6
15 86 1.6
15 87 2.1
15 88 2.5
15 173 1.7
15 174 2.1
15 175 1.7
15 176 3.2
15 177 2.3
15 178 3.4
15 179 3.1
15 180 2.2
15 181 3
15 182 3.1
15 183 2.1
15 184 2.9
15 185 3.1
15 186 3.3
15 149 2
15 150 1.5
15 151 2.4
15 152 3.4
15 153 3.2
15 154 1.8
15 155 3.3
15 156 2.2
15 157 2
15 158 2
15 159 2.3
15 160 1.9
16 25 5
16 26 4.4
16 27 4.9
16 28 4.4
16 29 4.3
16 30 4.4
16 31 4
16 32 4.9
16 33 4.5
16 34 4.8
16 35 4.7
16 36 4.1
16 37 5
16 38 5
16 173 4.3
16 174 4.7
16 175 4.3
16 176 4.5
16 177 4.1
16 178 4.3
16 179 4.9
16 180 4.6
16 181 4.1
16 182 5
16 183 4
16 184 4.8
16 185 4.3
16 186 4.5
16 101 1.9
16 102 1.7
16 103 3.4
16 104 3.4
16 105 3.3
16 106 3.1
16 107 3.5
16 108 1.5
16 109 2.7
16 110 3
16 111 3
16 112 3.2
16 53 3.5
16 54 3.4
16 55 1.8
16 56 3
16 57 2.4
16 58 2.2
16 59 3.1
16 60 1.8
16 61 2.8
16 62 1.7
16 63 2.2
16 64 3.3
16 125 2.5
16 126 2.6
16 127 3.2
16 128 2
16 129 2.3
16 130 1.8
16 131 3.4
16 132 2.4
16 133 2.2
16 134 1.6
16 135 1.7
16 136 2.4
16 149 2.9
16 150 2.3
16 151 3.1
16 152 2.2
16 153 2.2
16 154 1.9
16 155 2.3
16 156 2.5
16 157 2.4
16 158 2
16 159 2.4
16 160 2.3
17 25 4.4
17 26 4
17 27 4.9
17 28 4.1
17 29 4.4
17 30 4.3
17 31 4.7
17 32 4.1
17 33 4
17 34 4.1
17 35 4.6
17 36 4.1
17 37 4.8
17 38 4.5
17 173 5
17 174 4.8
17 175 4.3
17 176 5
17 177 4.7
17 178 5
17 179 5
17 180 4
17 181 4.4
17 182 4.3
17 183 4.2
17 184 4.6
17 185 4.3
17 186 4
17 101 2.5
17 102 2.9
17 103 3.1
17 104 3.2
17 105 3.5
17 106 1.7
17 107 3.4
17 108 3.2
17 109 2.9
17 110 2.5
17 111 3.1
17 112 2.3
17 53 2.4
17 54 2.4
17 55 1.9
17 56 2.7
17 57 2.6
17 58 2.7
17 59 2.8
17 60 2.2
17 61 1.7
17 62 2.2
17 63 3.4
17 64 2
17 125 2.9
17 126 1.6
17 127 3.5
17 128 3
17 129 2.2
17 130 2
17 131 2.3
17 132 3.2
17 133 1.5
17 134 3.5
17 135 3.5
17 136 3.1
17 149 2.4
17 150 2.9
17 151 2.1
17 152 2.6
17 153 2.8
17 154 2.2
17 155 1.5
17 156 2.6
17 157 1.5
17 158 3.3
17 159 2.5
17 160 2.9
18 25 4.1
18 26 4.1
18 27 4.2
18 28 4.1
18 29 4.1
18 30 4.5
18 31 4.8
18 32 4.2
18 33 4.4
18 34 4
18 35 4.8
18 36 4.1
18 37 4.5
18 38 4.2
18 173 4.4
18 174 4.5
18 175 4.8
18 176 4.8
18 177 4.9
18 178 4.5
18 179 4.7
18 180 4
18 181 4.4
18 182 4.5
18 183 4.6
18 184 4.9
18 185 4.5
18 186 4.2
18 101 3.5
18 102 2
18 103 1.9
18 104 2.1
18 105 3.1
18 106 1.5
18 107 3.3
18 108 3
18 109 2.7
18 110 3
18 111 3
18 112 3.5
18 53 2.8
18 54 1.7
18 55 3
18 56 2
18 57 1.7
18 58 2.5
18 59 3
18 60 2.2
18 61 1.7
18 62 2.2
18 63 2.3
18 64 3.2
18 125 1.6
18 126 2.5
18 127 2.6
18 128 1.7
18 129 3
18 130 2.1
18 131 3.3
18 132 2.8
18 133 1.5
18 134 2.6
18 135 1.8
18 136 1.6
18 149 3
18 150 1.7
18 151 2.8
18 152 1.5
18 153 2.1
18 154 2.8
18 155 1.9
18 156 3.3
18 157 3.4
18 158 2.2
18 159 3.1
18 160 2.9
19 25 4.9
19 26 4.7
19 27 4.4
19 28 4.6
19 29 4.7
19 30 4.9
19 31 4.1
19 32 4
19 33 4.7
19 34 4.2
19 35 5
19 36 4.2
19 37 4.7
19 38 4.7
19 173 4
19 174 4.8
19 175 4.4
19 176 4.3
19 177 4.3
19 178 4.4
19 179 4.9
19 180 4.1
19 181 4
19 182 4.6
19 183 4.8
19 184 4.3
19 185 5
19 186 4.5
19 101 1.7
19 102 3.5
19 103 2.9
19 104 1.5
19 105 3.1
19 106 2.3
19 107 3.1
19 108 1.8
19 109 2.2
19 110 1.8
19 111 2.4
19 112 2.7
19 53 3.4
19 54 2.9
19 55 1.8
19 56 3
19 57 2.9
19 58 2.8
19 59 2.3
19 60 2.3
19 61 2.9
19 62 2.5
19 63 1.6
19 64 2
19 125 3.1
19 126 3.1
19 127 1.9
19 128 3.3
19 129 3.1
19 130 3.2
19 131 2
19 132 3.5
19 133 1.9
19 134 2.5
19 135 2.9
19 136 2.3
19 149 2.4
19 150 3.2
19 151 1.9
19 152 1.6
19 153 2.3
19 154 1.6
19 155 3.4
19 156 2.5
19 157 3
19 158 3.1
19 159 2.9
19 160 3
20 25 4
20 26 4.9
20 27 4.2
20 28 4.1
20 29 4
20 30 5
20 31 4.3
20 32 4.5
20 33 4.4
20 34 4.2
20 35 4.4
20 36 4.1
20 37 4.6
20 38 4.2
20 173 4.4
20 174 4.1
20 175 4.3
20 176 4.4
20 177 4.7
20 178 4.5
20 179 4.4
20 180 4.4
20 181 4.8
20 182 4.1
20 183 4.5
20 184 4.2
20 185 4.6
20 186 4
20 101 1.6
20 102 3
20 103 2.7
20 104 2.8
20 105 3.2
20 106 2.7
20 107 1.6
20 108 1.5
20 109 1.7
20 110 2.3
20 111 2.2
20 112 2.5
20 53 2.2
20 54 2.4
20 55 3.4
20 56 2.5
20 57 2.7
20 58 1.8
20 59 3
20 60 2.3
20 61 3.5
20 62 1.8
20 63 2.4
20 64 2.3
20 125 1.6
20 126 1.6
20 127 2.8
20 128 1.9
20 129 2.7
20 130 2.7
20 131 2.8
20 132 1.6
20 133 1.5
20 134 2.8
20 135 1.8
20 136 3.2
20 149 3.2
20 150 1.5
20 151 2.9
20 152 2.2
20 153 2.4
20 154 3.2
20 155 1.9
20 156 3
20 157 2.6
20 158 2
20 159 2.2
20 160 3.1
21 125 4
21 126 4.4
21 127 4.3
21 128 4.9
21 129 4.6
21 130 4.7
21 131 4.3
21 132 4.3
21 133 4.7
21 134 4
21 135 4.7
21 136 4.7
21 173 4.6
21 174 4.5
21 175 4.1
21 176 4.3
21 177 5
21 178 4.2
21 179 4.7
21 180 4.6
21 181 4.5
21 182 4.5
21 183 4.4
21 184 4.1
21 185 4.8
21 186 4.6
21 101 1.8
21 102 2.5
21 103 1.5
21 104 2.9
21 105 1.7
21 106 1.7
21 107 1.7
21 108 3.3
21 109 3.1
21 110 3
21 111 1.8
21 112 3.3
21 1 2.5
21 2 2.3
21 3 1.7
21 4 2.2
21 5 2.4
21 6 3.2
21 7 2.5
21 8 1.5
21 9 3.3
21 10 2.3
21 11 2.1
21 12 3
21 53 3.1
21 54 2.5
21 55 3
21 56 1.8
21 57 3.4
21 58 1.6
21 59 1.9
21 60 2
21 61 2.8
21 62 2
21 63 3.2
21 64 2.2
21 149 1.9
21 150 3.4
21 151 2.4
21 152 3.4
21 153 2.4
21 154 1.5
21 155 3.4
21 156 3.2
21 157 1.7
21 158 1.6
21 159 2
21 160 2.9
22 125 4.5
22 126 4.8
22 127 4.9
22 128 4.8
22 129 4.7
22 130 4.8
22 131 4.9
22 132 4.3
22 133 4.2
22 134 4.7
22 135 4.6
22 136 4.5
22 173 4.7
22 174 5
22 175 4.4
22 176 4.1
22 177 4.2
22 178 4.3
22 179 4
22 180 4.7
22 181 4.8
22 182 4
22 183 5
22 184 4
22 185 5
22 186 4.3
22 101 1.7
22 102 1.5
22 103 1.5
22 104 3.5
22 105 2.5
22 106 2.9
22 107 2.5
22 108 2.4
22 109 3.4
22 110 3.2
22 111 3.5
22 112 3.1
22 1 1.7
22 2 2.3
22 3 3.2
22 4 1.7
22 5 1.6
22 6 2.6
22 7 1.6
22 8 2.3
22 9 1.6
22 10 1.7
22 11 1.8
22 12 1.8
22 53 2.2
22 54 1.9
22 55 2.5
22 56 3.2
22 57 1.7
22 58 3.3
22 59 1.9
22 60 2.3
22 61 3.4
22 62 1.7
22 63 2.2
22 64 2.5
22 149 3.5
22 150 3
22 151 3
22 152 3.1
22 153 2.4
22 154 2.4
22 155 2.4
22 156 2.6
22 157 3.3
22 158 2.9
22 159 2.1
22 160 1.6
23 125 4.8
23 126 5
23 127 5
23 128 4.3
23 129 4.6
23 130 5
23 131 4.9
23 132 4.2
23 133 4.7
23 134 4.5
23 135 4.7
23 136 5
23 173 4.3
23 174 4.7
23 175 4.1
23 176 4.4
23 177 4
23 178 5
23 179 4.6
23 180 5
23 181 4
23 182 4
23 183 4.3
23 184 4.4
23 185 4
23 186 4.5
23 101 1.5
23 102 2.7
23 103 3.1
23 104 1.5
23 105 2.7
23 106 3.3
23 107 2.7
23 108 3
23 109 1.8
23 110 3
23 111 2.4
23 112 2.2
23 1 2.7
23 2 3.2
23 3 2.9
23 4 2
23 5 3.2
23 6 1.6
23 7 3.3
23 8 3.3
23 9 2
23 10 2.9
23 11 3.2
23 12 2.6
23 53 3.3
23 54 1.7
23 55 2.7
23 56 2.3
23 57 2.9
23 58 1.7
23 59 1.6
23 60 1.5
23 61 2.8
23 62 2.9
23 63 2.5
23 64 3.1
23 149 1.8
23 150 2.9
23 151 2.2
23 152 2.7
23 153 2.1
23 154 2.3
23 155 3.1
23 156 2
23 157 2.8
23 158 1.9
23 159 2.7
23 160 1.8
24 125 4
24 126 4.1
24 127 4.6
24 128 4.6
24 129 4.7
24 130 4.7
24 131 4.8
24 132 4.8
24 133 4.7
24 134 4.7
24 135 4.5
24 136 4.7
24 173 4.1
24 174 4.8
24 175 4.3
24 176 4.7
24 177 4
24 178 4.2
24 179 5
24 180 4.3
24 181 4.1
24 182 4.2
24 183 4.2
24 184 4
24 185 4.2
24 186 4.4
24 101 2.2
24 102 3
24 103 1.7
24 104 2.1
24 105 2.2
24 106 3
24 107 1.8
24 108 3.5
24 109 3
24 110 3.5
24 111 1.6
24 112 1.7
24 1 2.3
24 2 2.1
24 3 3
24 4 3.2
24 5 2.3
24 6 3.3
24 7 1.9
24 8 2.4
24 9 2.3
24 10 1.7
24 11 2.2
24 12 3.2
24 53 3.3
24 54 1.5
24 55 2.8
24 56 2.8
24 57 1.6
24 58 1.9
24 59 2.6
24 60 2.9
24 61 1.7
24 62 3.4
24 63 3.4
24 64 2.5
24 149 2.7
24 150 1.6
24 151 1.7
24 152 3.2
24 153 1.8
24 154 1.9
24 155 1.6
24 156 3.3
24 157 2.7
24 158 1.5
24 159 3.5
24 160 3.4
25 125 4.8
25 126 4.1
25 127 4.1
25 128 4.4
25 129 4
25 130 4.5
25 131 4.5
25 132 4.5
25 133 4.5
25 134 5
25 135 4.5
25 136 4.6
25 173 5
25 174 4
25 175 4.3
25 176 4.2
25 177 4.4
25 178 4.7
25 179 4.8
25 180 4.4
25 181 4
25 182 4.3
25 183 4.9
25 184 4.9
25 185 4.5
25 186 4.4
25 101 2
25 102 2.1
25 103 2.1
25 104 2.7
25 105 3.5
25 106 2.8
25 107 1.7
25 108 2
25 109 2
25 110 3.4
25 111 1.5
25 112 2.4
25 1 1.7
25 2 3.2
25 3 2.6
25 4 2.5
25 5 3.1
25 6 2.5
25 7 2.9
25 8 2.3
25 9 2.2
25 10 1.6
25 11 2
25 12 3.1
25 53 2.3
25 54 1.7
25 55 1.7
25 56 3.3
25 57 2.4
25 58 2.5
25 59 1.9
25 60 2.7
25 61 2.3
25 62 1.9
25 63 2.6
25 64 2.1
25 149 2.9
25 150 2.9
25 151 2.2
25 152 2.8
25 153 2.1
25 154 1.9
25 155 3.4
25 156 2.7
25 157 2.2
25 158 2.7
25 159 2.6
25 160 1.7
26 101 4.7
26 102 4
26 103 4.6
26 104 4.8
26 105 4.2
26 106 4.5
26 107 4.3
26 108 4
26 109 4.1
26 110 4.9
26 111 4.6
26 112 5
26 149 4.4
26 150 4
26 151 4.2
26 152 4.2
26 153 4.2
26 154 4.7
26 155 4.5
26 156 4.6
26 157 4.8
26 158 4
26 159 5
26 160 4.6
26 125 1.9
26 126 3.2
26 127 2.9
26 128 2.2
26 129 1.5
26 130 2.1
26 131 3.2
26 132 2.8
26 133 2.6
26 134 1.5
26 135 2.9
26 136 3
26 173 1.5
26 174 2.8
26 175 2.2
26 176 1.5
26 177 2.3
26 178 1.7
26 179 3.5
26 180 1.6
26 181 2.3
26 182 1.7
26 183 2.5
26 184 3.1
26 185 2.2
26 186 2.9
26 77 2.3
26 78 2.1
26 79 2.7
26 80 1.9
26 81 2.1
26 82 2
26 83 2.9
26 84 1.7
26 85 3
26 86 1.6
26 87 3.4
26 88 3.5
26 25 1.5
26 26 2.2
26 27 2.6
26 28 3.3
26 29 2.3
26 30 2.3
26 31 2.1
26 32 1.7
26 33 2.6
26 34 2.6
26 35 1.9
26 36 2.2
26 37 3.3
26 38 3
27 101 4.8
27 102 4.5
27 103 4.1
27 104 5
27 105 4
27 106 4
27 107 4.6
27 108 4.3
27 109 4.8
27 110 4.6
27 111 4.2
27 112 4.9
27 149 4.1
27 150 5
27 151 4.7
27 152 4.5
27 153 4.4
27 154 4.1
27 155 4.5
27 156 4.3
27 157 4.3
27 158 4
27 159 5
27 160 4.4
27 125 2.3
27 126 2.4
27 127 3.5
27 128 2
27 129 2.5
27 130 2.2
27 131 3.3
27 132 3
27 133 1.5
27 134 1.6
27 135 2.6
27 136 2.6
27 173 1.8
27 174 1.7
27 175 1.5
27 176 2.9
27 177 2.6
27 178 2.3
27 179 3
27 180 2
27 181 2
27 182 1.6
27 183 2.3
27 184 3.2
27 185 1.7
27 186 2.9
27 77 2.5
27 78 3
27 79 2.5
27 80 3
27 81 2.5
27 82 2.4
27 83 1.6
27 84 2.5
27 85 2.3
27 86 1.7
27 87 1.6
27 88 2.9
27 25 2.5
27 26 2.9
27 27 2.8
27 28 3.2
27 29 2.2
27 30 2.6
27 31 2.8
27 32 2.1
27 33 1.9
27 34 3.4
27 35 2.9
27 36 2.1
27 37 3.4
27 38 3.5
28 101 4
28 102 4.7
28 103 4.8
28 104 4.8
28 105 4.5
28 106 4.2
28 107 4.8
28 108 4.6
28 109 4.6
28 110 4.8
28 111 4.9
28 112 4.9
28 149 4.4
28 150 4
28 151 4.2
28 152 4.1
28 153 4.5
28 154 4.7
28 155 4.2
28 156 4.1
28 157 4.4
28 158 4.8
28 159 4.7
28 160 5
28 125 3.4
28 126 1.6
28 127 3.1
28 128 3.2
28 129 2.3
28 130 2.5
28 131 3.1
28 132 3.3
28 133 2.8
28 134 3
28 135 2.5
28 136 3.1
28 173 2.5
28 174 2.3
28 175 2.1
28 176 2.4
28 177 2.8
28 178 2.6
28 179 1.9
28 180 2.1
28 181 1.9
28 182 3.4
28 183 3
28 184 3.2
28 185 3.4
28 186 1.8
28 77 1.7
28 78 1.9
28 79 1.8
28 80 2
28 81 2.4
28 82 3.4
28 83 1.8
28 84 3.5
28 85 1.5
28 86 3.1
28 87 3
28 88 2
28 25 1.5
28 26 1.6
28 27 2.9
28 28 3.4
28 29 3.2
28 30 3.5
28 31 2.2
28 32 1.7
28 33 1.6
28 34 2.3
28 35 3.1
28 36 2.3
28 37 3.4
28 38 2.8
29 101 5
29 102 4
29 103 4.3
29 104 5
29 105 4.8
29 106 4.1
29 107 4.5
29 108 4.2
29 109 4
29 110 4.9
29 111 4.6
29 112 5
29 149 4.4
29 150 4.7
29 151 4.9
29 152 4.6
29 153 4.1
29 154 4.1
29 155 4
29 156 4.1
29 157 4.8
29 158 4.7
29 159 4.5
29 160 5
29 125 1.5
29 126 3.5
29 127 2.8
29 128 2.3
29 129 3.2
29 130 3.3
29 131 2.1
29 132 2.6
29 133 3.1
29 134 2.6
29 135 1.8
29 136 3.5
29 173 3.1
29 174 3
29 175 3.4
29 176 1.9
29 177 2.6
29 178 2
29 179 2.6
29 180 2.5
29 181 1.9
29 182 3.2
29 183 1.9
29 184 2.4
29 185 2.4
29 186 3
29 77 3.5
29 78 2.7
29 79 2.4
29 80 2
29 81 2.2
29 82 3.2
29 83 1.8
29 84 3.3
29 85 2.2
29 86 2.7
29 87 2
29 88 3.1
29 25 1.5
29 26 1.6
29 27 2.8
29 28 1.9
29 29 1.8
29 30 2.2
29 31 2.6
29 32 1.5
29 33 3.3
29 34 2.3
29 35 1.6
29 36 3.4
29 37 2.2
29 38 2.9
30 101 4.3
30 102 4.3
30 103 4.9
30 104 5
30 105 4.5
30 106 5
30 107 4.2
30 108 4.2
30 109 4.2
30 110 4.1
30 111 4
30 112 4
30 149 4.7
30 150 4.6
30 151 4.9
30 152 4.8
30 153 4.9
30 154 4.5
30 155 4.2
30 156 4.8
30 157 4.7
30 158 4.8
30 159 4.3
30 160 4.1
30 125 2.2
30 126 1.5
30 127 2
30 128 1.5
30 129 2.2
30 130 2.5
30 131 2.8
30 132 1.6
30 133 3.3
30 134 2
30 135 2.5
30 136 2.6
30 173 2.3
30 174 2
30 175 2.1
30 176 1.7
30 177 2.7
30 178 1.6
30 179 3
30 180 1.9
30 181 3.5
30 182 2.9
30 183 1.5
30 184 1.9
30 185 1.7
30 186 1.6
30 77 2
30 78 3.1
30 79 1.5
30 80 2.1
30 81 2
30 82 3.2
30 83 3.3
30 84 2.3
30 85 2
30 86 2
30 87 3.4
30 88 3.1
30 25 3.5
30 26 1.8
30 27 2.8
30 28 1.7
30 29 2.5
30 30 2.1
30 31 3
30 32 1.8
30 33 3.4
30 34 3.1
30 35 3.3
30 36 2.5
30 37 1.9
30 38 1.8
31 77 4.8
31 78 4.8
31 79 4.6
31 80 4.1
31 81 4.3
31 82 4.2
31 83 4.2
31 84 4.3
31 85 4.9
31 86 4.9
31 87 5
31 88 4
31 125 4.8
31 126 4.1
31 127 4.8
31 128 4.5
31 129 4.6
31 130 4.4
31 131 4.9
31 132 4.4
31 133 5
31 134 4.5
31 135 4
31 136 4.3
31 101 3.4
31 102 3.4
31 103 3.3
31 104 2.7
31 105 3.5
31 106 1.5
31 107 3
31 108 3.2
31 109 2
31 110 2.7
31 111 1.5
31 112 2.5
31 1 1.6
31 2 2.2
31 3 2.1
31 4 2.2
31 5 2.2
31 6 1.8
31 7 3.4
31 8 2.3
31 9 3.1
31 10 2.6
31 11 3.4
31 12 2.8
31 25 2.3
31 26 3.4
31 27 1.9
31 28 3.3
31 29 2
31 30 1.8
31 31 2
31 32 3.4
31 33 3.1
31 34 2.6
31 35 2.3
31 36 1.7
31 37 3
31 38 1.5
31 53 2.1
31 54 2.2
31 55 2.3
31 56 2.6
31 57 3.5
31 58 2.2
31 59 2.4
31 60 2.8
31 61 2.7
31 62 2.2
31 63 2.2
31 64 3.2
32 77 4.9
32 78 4.8
32 79 4.5
32 80 4.6
32 81 4.2
32 82 4.7
32 83 4.4
32 84 4
32 85 4.7
32 86 4.3
32 87 4.3
32 88 4.2
32 125 4.2
32 126 4.9
32 127 4.4
32 128 4
32 129 4.1
32 130 4.6
32 131 4.7
32 132 4.4
32 133 4.5
32 134 4.4
32 135 4.2
32 136 4.1
32 101 3.1
32 102 2
32 103 1.8
32 104 2.5
32 105 2.6
32 106 2
32 107 2.7
32 108 1.8
32 109 3
32 110 2.6
32 111 3.2
32 112 2.3
32 1 1.8
32 2 3.5
32 3 2.8
32 4 2.5
32 5 3.2
32 6 1.6
32 7 3.5
32 8 3.4
32 9 1.7
32 10 3.5
32 11 2.8
32 12 2.6
32 25 3.5
32 26 3.1
32 27 3.1
32 28 2
32 29 2.7
32 30 1.7
32 31 3
32 32 3.3
32 33 2.7
32 34 1.9
32 35 3
32 36 1.5
32 37 1.9
32 38 1.6
32 53 1.7
32 54 2.2
32 55 2.8
32 56 1.9
32 57 3.1
32 58 1.8
32 59 2.4
32 60 3.5
32 61 2.7
32 62 3.2
32 63 2.5
32 64 2.4
33 77 4.1
33 78 4
33 79 4.5
33 80 4.8
33 81 4.3
33 82 4.1
33 83 4.5
33 84 4.7
33 85 4.5
33 86 4.5
33 87 4.7
33 88 4
33 125 4.8
33 126 4.1
33 127 4.7
33 128 4.1
33 129 5
33 130 4.5
33 131 4.7
33 132 4.2
33 133 4.8
33 134 4.4
33 135 4
33 136 4.2
33 101 3.2
33 102 2.1
33 103 2.6
33 104 2.3
33 105 1.9
33 106 2.6
33 107 2.6
33 108 1.5
33 109 1.7
33 110 2.9
33 111 2.4
33 112 3
33 1 3.5
33 2 3.5
33 3 1.7
33 4 3.2
33 5 1.7
33 6 3.2
33 7 3.3
33 8 2.7
33 9 2.2
33 10 2.2
33 11 3.2
33 12 3.3
33 25 2.1
33 26 3.2
33 27 2.7
33 28 2.2
33 29 1.8
33 30 3.2
33 31 1.7
33 32 3.2
33 33 1.8
33 34 2.7
33 35 2.3
33 36 2.4
33 37 3.5
33 38 2.5
33 53 2.9
33 54 1.5
33 55 1.8
33 56 2.9
33 57 1.9
33 58 2.8
33 59 3.3
33 60 2
33 61 2.1
33 62 1.6
33 63 1.7
33 64 1.7
34 77 4.1
34 78 4.4
34 79 4.6
34 80 4.7
34 81 4.7
34 82 5
34 83 4.9
34 84 4.7
34 85 5
34 86 5
34 87 4.2
34 88 4
34 125 4.4
34 126 5
34 127 4.7
34 128 4.4
34 129 4.1
34 130 4.4
34 131 5
34 132 4
34 133 4.4
34 134 4.3
34 135 4.6
34 136 4.9
34 101 2.3
34 102 1.8
34 103 2.2
34 104 1.6
34 105 2.1
34 106 2.9
34 107 3.4
34 108 2.5
34 109 3.5
34 110 2.9
34 111 2.5
34 112 1.6
34 1 3.4
34 2 2.8
34 3 1.5
34 4 1.5
34 5 3.3
34 6 3.5
34 7 2.8
34 8 2.9
34 9 2
34 10 1.7
34 11 3
34 12 1.8
34 25 1.9
34 26 3.2
34 27 2.6
34 28 2
34 29 1.9
34 30 2.3
34 31 2.9
34 32 2.7
34 33 2.4
34 34 3.2
34 35 2
34 36 2.1
34 37 2.7
34 38 2.1
34 53 2
34 54 1.7
34 55 2.7
34 56 1.5
34 57 2.5
34 58 1.7
34 59 2.3
34 60 1.5
34 61 2.9
34 62 2
34 63 3.3
34 64 1.6
35 77 4.8
35 78 5
35 79 4.7
35 80 4.5
35 81 4.8
35 82 4.9
35 83 4.3
35 84 4.8
35 85 5
35 86 4.5
35 87 4.1
35 88 4.5
35 125 4.5
35 126 4.6
35 127 4.8
35 128 4.5
35 129 4.9
35 130 4.8
35 131 4
35 132 5
35 133 4.4
35 134 4.5
35 135 4.2
35 136 4.6
35 101 1.7
35 102 1.6
35 103 1.9
35 104 1.5
35 105 1.9
35 106 2.8
35 107 2.4
35 108 1.9
35 109 1.7
35 110 2.8
35 111 2
35 112 2.2
35 1 2.4
35 2 1.5
35 3 2.6
35 4 2.7
35 5 3.4
35 6 3.1
35 7 3.4
35 8 2.9
35 9 3.2
35 10 2.5
35 11 3.3
35 12 3.4
35 25 2.3
35 26 3
35 27 3.4
35 28 1.6
35 29 2.4
35 30 2.7
35 31 3.1
35 32 3.4
35 33 2.5
35 34 2.2
35 35 2.8
35 36 2.7
35 37 1.9
35 38 2.1
35 53 2.6
35 54 3.2
35 55 3.5
35 56 1.9
35 57 1.6
35 58 3.4
35 59 3.3
35 60 2.1
35 61 2
35 62 2.3
35 63 3.1
35 64 2
36 77 4.9
36 78 4.7
36 79 4.9
36 80 4.4
36 81 4.4
36 82 4.9
36 83 4.3
36 84 4
36 85 4.6
36 86 4.4
36 87 4.7
36 88 4.6
36 53 4.6
36 54 4.5
36 55 4.4
36 56 4.9
36 57 4.8
36 58 4.9
36 59 4
36 60 4.5
36 61 5
36 62 4.5
36 63 4.6
36 64 4.9
36 1 2.5
36 2 1.9
36 3 2.3
36 4 3.4
36 5 1.8
36 6 3.5
36 7 3.3
36 8 1.7
36 9 2.6
36 10 2.3
36 11 2.3
36 12 2.6
36 25 2.6
36 26 1.5
36 27 2.4
36 28 2.7
36 29 2.4
36 30 3.3
36 31 3
36 32 3.5
36 33 2.9
36 34 2.6
36 35 3.1
36 36 3
36 37 2.3
36 38 3.5
36 125 1.7
36 126 2.5
36 127 2.2
36 128 3.3
36 129 2.2
36 130 2.7
36 131 1.7
36 132 1.5
36 133 3.2
36 134 3.3
36 135 2.6
36 136 3
36 149 2
36 150 2.5
36 151 2.3
36 152 2.6
36 153 2
36 154 2.4
36 155 3.5
36 156 3
36 157 2
36 158 2.7
36 159 2.2
36 160 2.7
37 77 4.8
37 78 4
37 79 4.1
37 80 4.7
37 81 4.3
37 82 4
37 83 4.9
37 84 4.5
37 85 4.5
37 86 4.4
37 87 4.4
37 88 5
37 53 4
37 54 4.8
37 55 4
37 56 4
37 57 4.4
37 58 4.6
37 59 4.3
37 60 4.4
37 61 4.6
37 62 5
37 63 4.7
37 64 4.4
37 1 2
37 2 2.8
37 3 2
37 4 2.7
37 5 3.4
37 6 1.7
37 7 1.9
37 8 2.1
37 9 2.4
37 10 2.7
37 11 1.8
37 12 3.5
37 25 2.4
37 26 1.8
37 27 2.2
37 28 3.4
37 29 3.5
37 30 3.2
37 31 3.4
37 32 2.1
37 33 3.2
37 34 2.2
37 35 3.4
37 36 2.7
37 37 3
37 38 3.1
37 125 2.7
37 126 3.2
37 127 2.3
37 128 3.5
37 129 1.7
37 130 1.9
37 131 1.7
37 132 3.3
37 133 2
37 134 3.5
37 135 2.4
37 136 1.8
37 149 2.1
37 150 3
37 151 3
37 152 2
37 153 1.7
37 154 2.1
37 155 1.8
37 156 2.1
37 157 1.7
37 158 3
37 159 3.5
37 160 2.9
38 77 4.1
38 78 4.2
38 79 4.7
38 80 5
38 81 4.6
38 82 4.5
38 83 5
38 84 4.9
38 85 4.1
38 86 4.9
38 87 4.6
38 88 4.9
38 53 4.7
38 54 4.4
38 55 4.5
38 56 4.7
38 57 4.7
38 58 4.2
38 59 4.4
38 60 4.5
38 61 4.4
38 62 4.9
38 63 4.1
38 64 4.2
38 1 2.3
38 2 2.3
38 3 1.9
38 4 2.1
38 5 2.7
38 6 2
38 7 1.6
38 8 2.8
38 9 2.4
38 10 3
38 11 2.7
38 12 1.9
38 25 2
38 26 2.1
38 27 2.5
38 28 2.1
38 29 2.7
38 30 2.8
38 31 3
38 32 2.1
38 33 1.7
38 34 3.1
38 35 2.5
38 36 2.5
38 37 2
38 38 2.9
38 125 3.1
38 126 2.2
38 127 2.4
38 128 3.1
38 129 3.2
38 130 2
38 131 1.7
38 132 1.7
38 133 2.3
38 134 2.6
38 135 2.4
38 136 3.4
38 149 2.8
38 150 2.7
38 151 2
38 152 2.2
38 153 3.1
38 154 2.4
38 155 1.6
38 156 2
38 157 2.6
38 158 2.5
38 159 3
38 160 2.7
39 77 4.3
39 78 4.9
39 79 4.1
39 80 4
39 81 4.2
39 82 5
39 83 4.4
39 84 4
39 85 4.4
39 86 4.5
39 87 4.8
39 88 4.9
39 53 4.9
39 54 5
39 55 5
39 56 4.4
39 57 4
39 58 4.3
39 59 4.4
39 60 4.6
39 61 4.9
39 62 4.7
39 63 4.6
39 64 4.7
39 1 1.9
39 2 1.6
39 3 3
39 4 3.2
39 5 2.7
39 6 3.3
39 7 2.2
39 8 3.1
39 9 2.5
39 10 2.4
39 11 2.1
39 12 2.8
39 25 3.2
39 26 3.1
39 27 2.2
39 28 2.6
39 29 2.8
39 30 2.5
39 31 1.6
39 32 3.1
39 33 2.5
39 34 3.4
39 35 2.8
39 36 2.5
39 37 2.8
39 38 2.8
39 125 3.5
39 126 2.9
39 127 1.6
39 128 3.4
39 129 3.2
39 130 3.5
39 131 2.2
39 132 3.1
39 133 3.4
39 134 2.1
39 135 2.5
39 136 3.4
39 149 2.4
39 150 2.4
39 151 3.1
39 152 1.7
39 153 2
39 154 2.7
39 155 2
39 156 1.7
39 157 3.2
39 158 1.8
39 159 2.4
39 160 3.1
40 77 4.9
40 78 4.7
40 79 4.4
40 80 4.4
40 81 4.4
40 82 4.9
40 83 4.2
40 84 4.8
40 85 4.1
40 86 4.3
40 87 5
40 88 4
40 53 5
40 54 4.8
40 55 4.3
40 56 4.1
40 57 4
40 58 4.5
40 59 5
40 60 4.6
40 61 4.9
40 62 4.1
40 63 4.1
40 64 4.6
40 1 3.2
40 2 2.8
40 3 2.6
40 4 3.4
40 5 3.1
40 6 2.1
40 7 2.5
40 8 2.6
40 9 2.1
40 10 2.4
40 11 2.5
40 12 2.5
40 25 3.2
40 26 1.8
40 27 3
40 28 2.2
40 29 3
40 30 3.5
40 31 2.8
40 32 2.8
40 33 1.6
40 34 2.8
40 35 2.5
40 36 1.8
40 37 2.7
40 38 3.3
40 125 2
40 126 3.2
40 127 2.8
40 128 2.3
40 129 3.2
40 130 2.7
40 131 2.8
40 132 3.2
40 133 3.5
40 134 3.1
40 135 1.7
40 136 2.5
40 149 1.7
40 150 1.9
40 151 3.2
40 152 3.4
40 153 3.2
40 154 2.5
40 155 2.3
40 156 3
40 157 2.1
40 158 1.9
40 159 3.1
40 160 3.3
1 13 4.3
1 14 4.5
1 15 3.9
1 16 4.6
1 17 4.5
1 18 4.9
1 19 4
1 20 4.5
1 21 4.3
1 22 4.6
1 23 4.1
1 24 4.3
1 39 4.5
1 40 4.2
1 41 4.6
1 42 4.3
1 43 4.7
1 44 4.2
1 45 4.3
1 46 3.7
1 47 4.3
1 48 3.9
1 49 4
1 50 4.6
1 51 4.5
1 52 4.8
1 65 2.4
1 66 1.8
1 67 2
1 68 1.8
1 69 1.7
1 70 3
1 71 1.6
1 72 2.9
1 73 2.2
1 74 1.5
1 75 3.2
1 76 2.5
1 89 2.8
1 90 1.6
1 91 2.5
1 92 2.2
1 93 2.8
1 94 2.9
1 95 2.6
1 96 1.6
1 97 1.9
1 98 2.2
1 99 3.1
1 100 3.1
1 137 1.5
1 138 2.2
1 139 2.7
1 140 3.4
1 141 2.4
1 142 2.4
1 143 2.7
1 144 1.6
1 145 1.5
1 146 2.1
1 147 3.5
1 148 1.5
1 187 2.1
1 188 3.1
1 189 2.9
1 190 3.4
1 191 2.2
1 192 2.6
1 193 1.6
1 194 3
1 195 2
1 196 2.7
1 197 3
1 198 3.3
1 199 1.5
1 200 2.9
2 13 4.9
2 14 4.3
2 15 4.3
2 16 4.9
2 17 4.9
2 18 4.4
2 19 5
2 20 4.2
2 21 4.1
2 22 4.9
2 23 4.4
2 24 4.3
2 39 4.3
2 40 4
2 41 4.8
2 42 4.1
2 43 4.2
2 44 5
2 45 4.8
2 46 4.7
2 47 4.1
2 48 4.4
2 49 4.1
2 50 4
2 51 4.9
2 52 4.7
2 65 2
2 66 2.5
2 67 1.8
2 68 2.6
2 69 2.9
2 70 2.8
2 71 1.6
2 72 2
2 73 3.2
2 74 1.6
2 75 3.4
2 76 2.7
2 89 2.5
2 90 2.9
2 91 1.5
2 92 3.2
2 93 2.4
2 94 1.8
2 95 1.6
2 96 3.2
2 97 1.5
2 98 2.2
2 99 3
2 100 2
2 137 2.1
2 138 3.3
2 139 1.6
2 140 2.9
2 141 2.1
2 142 2.8
2 143 3.2
2 144 1.7
2 145 3.1
2 146 2.5
2 147 1.9
2 148 3.1
2 187 3.3
2 188 2.7
2 189 3.4
2 190 3
2 191 2.5
2 192 1.8
2 193 2.9
2 194 2.5
2 195 1.6
2 196 2.9
2 197 3
2 198 2.5
2 199 3
2 200 1.7
3 13 4.1
3 14 4.3
3 15 4.1
3 16 4.4
3 17 4
3 18 4.5
3 19 4.6
3 20 4.9
3 21 4.6
3 22 4.1
3 23 4.4
3 24 4.8
3 39 4.2
3 40 4.3
3 41 4.7
3 42 4
3 43 4.6
3 44 4.9
3 45 4.2
3 46 4.3
3 47 4
3 48 4
3 49 4.2
3 50 4.3
3 51 4.1
3 52 4.2
3 65 1.9
3 66 1.8
3 67 3.1
3 68 3.1
3 69 2.6
3 70 1.9
3 71 2.9
3 72 2.3
3 73 2.6
3 74 2.8
3 75 1.5
3 76 2.9
3 89 1.7
3 90 2.6
3 91 2.1
3 92 2.2
3 93 2.4
3 94 2.4
3 95 3.4
3 96 2.2
3 97 1.6
3 98 1.9
3 99 3
3 100 2.1
3 137 2.3
3 138 3.5
3 139 3.2
3 140 3.5
3 141 2.8
3 142 1.9
3 143 1.9
3 144 2.5
3 145 2.6
3 146 3.3
3 147 1.7
3 148 2.9
3 187 2.8
3 188 2.2
3 189 1.6
3 190 3.5
3 191 2.6
3 192 3
3 193 2.5
3 194 3.1
3 195 1.8
3 196 2.4
3 197 2.2
3 198 3.1
3 199 2.4
3 200 2.3
4 13 1.8
4 14 2.6
4 15 1.8
4 16 2.2
4 17 3
4 18 2.7
4 19 2.7
4 20 1.9
4 21 2.7
4 22 2.2
4 23 3.1
4 24 3.5
4 39 2
4 40 2.3
4 41 2.5
4 42 3.1
4 43 2.8
4 44 1.8
4 45 1.9
4 46 1.5
4 47 2.6
4 48 1.7
4 49 2.8
4 50 3.3
4 51 3.3
4 52 1.5
4 65 1.6
4 66 3.4
4 67 1.7
4 68 3.3
4 69 1.9
4 70 3.2
4 71 2.7
4 72 3.1
4 73 2.5
4 74 1.7
4 75 3.2
4 76 3.1
4 89 3.3
4 90 2
4 91 2.6
4 92 3
4 93 3.1
4 94 1.8
4 95 2.9
4 96 2.9
4 97 2.4
4 98 2.6
4 99 2.5
4 100 2.5
4 137 2.8
4 138 3.2
4 139 1.5
4 140 1.5
4 141 2.8
4 142 3
4 143 2.2
4 144 2.8
4 145 2.3
4 146 1.7
4 147 3.1
4 148 2.7
4 187 2.9
4 188 1.8
4 189 2.3
4 190 2.5
4 191 3.1
4 192 2.4
4 193 1.6
4 194 3.1
4 195 3.5
4 196 3.2
4 197 1.7
4 198 2.6
4 199 2.7
4 200 1.7
5 13 4.7
5 14 4.4
5 15 4.1
5 16 4.2
5 17 4.9
5 18 4.3
5 19 4.7
5 20 4.5
5 21 4.5
5 22 4.9
5 23 4.5
5 24 4.6
5 39 4.1
5 40 4
5 41 4.5
5 42 4.1
5 43 4.1
5 44 4.4
5 45 4.3
5 46 4.5
5 47 4.1
5 48 4.9
5 49 4.1
5 50 4.9
5 51 4.4
5 52 4.8
5 65 3.5
5 66 3.4
5 67 1.5
5 68 3.4
5 69 1.8
5 70 1.9
5 71 2.4
5 72 3
5 73 3.3
5 74 2.7
5 75 2.5
5 76 2.7
5 89 3.5
5 90 3.1
5 91 1.9
5 92 1.6
5 93 2.1
5 94 3.5
5 95 2.6
5 96 3.1
5 97 2.2
5 98 2.6
5 99 1.5
5 100 1.6
5 137 3
5 138 2.3
5 139 1.7
5 140 2.5
5 141 2.5
5 142 2.7
5 143 1.8
5 144 2.8
5 145 2.6
5 146 2.4
5 147 3.1
5 148 3.4
5 187 2.1
5 188 3.1
5 189 2.3
5 190 2.4
5 191 2.2
5 192 2.7
5 193 3.4
5 194 3.1
5 195 3.1
5 196 2
5 197 2.3
5 198 2.7
5 199 2.2
5 200 3.4
6 13 5
6 14 4.7
6 15 4.9
6 16 4.4
6 17 4.9
6 18 4.8
6 19 4.2
6 20 4.1
6 21 4.5
6 22 4.4
6 23 4.7
6 24 4.3
6 161 4.8
6 162 4.3
6 163 4.2
6 164 4
6 165 4
6 166 4.2
6 167 4.2
6 168 4.8
6 169 5
6 170 5
6 171 5
6 172 4
6 39 3.1
6 40 1.9
6 41 2.7
6 42 3.5
6 43 3.2
6 44 1.7
6 45 3
6 46 3
6 47 1.6
6 48 2.5
6 49 3.3
6 50 2.4
6 51 2.6
6 52 2.8
6 89 2.8
6 90 2.5
6 91 2.9
6 92 3.1
6 93 2.8
6 94 3.2
6 95 2.1
6 96 1.5
6 97 1.6
6 98 2.1
6 99 2.3
6 100 1.6
6 187 1.7
6 188 2.1
6 189 2.2
6 190 1.8
6 191 2.7
6 192 2.6
6 193 1.5
6 194 3.1
6 195 2.6
6 196 1.9
6 197 2.3
6 198 2.7
6 199 3.2
6 200 1.7
6 113 2.8
6 114 2.2
6 115 2.6
6 116 3.3
6 117 3.5
6 118 2.2
6 119 2.4
6 120 2
6 121 2.5
6 122 3.3
6 123 1.8
6 124 3.3
7 13 4.6
7 14 4.2
7 15 4.7
7 16 5
7 17 4.3
7 18 4.6
7 19 4.2
7 20 4.4
7 21 4.9
7 22 4.4
7 23 4.4
7 24 4.5
7 161 4.8
7 162 4.1
7 163 4.7
7 164 4
7 165 4.2
7 166 4.9
7 167 4.2
7 168 4.4
7 169 4.8
7 170 4.1
7 171 4.4
7 172 4.8
7 39 3.5
7 40 2.7
7 41 1.7
7 42 3.3
7 43 2.6
7 44 3.3
7 45 2.9
7 46 2.6
7 47 1.8
7 48 2.9
7 49 2.5
7 50 2.6
7 51 2.6
7 52 3.4
7 89 2.3
7 90 2.8
7 91 2.1
7 92 2.4
7 93 2.3
7 94 1.5
7 95 2.5
7 96 3.1
7 97 2.7
7 98 3
7 99 1.7
7 100 3.2
7 187 1.5
7 188 1.5
7 189 1.5
7 190 2.8
7 191 1.5
7 192 3
7 193 2.5
7 194 2
7 195 1.6
7 196 2.7
7 197 2.6
7 198 3.4
7 199 1.5
7 200 1.5
7 113 1.6
7 114 2.7
7 115 2.3
7 116 2.6
7 117 2.4
7 118 2.4
7 119 2.8
7 120 2
7 121 3.4
7 122 3.4
7 123 2
7 124 3
8 13 4.4
8 14 4.8
8 15 4.4
8 16 4.3
8 17 4
8 18 4.1
8 19 4.4
8 20 4.1
8 21 4.8
8 22 4
8 23 4.6
8 24 4
8 161 4.3
8 162 4.9
8 163 4.2
8 164 4.6
8 165 4.2
8 166 4.7
8 167 4.9
8 168 4.5
8 169 4.9
8 170 4.3
8 171 4.7
8 172 4.2
8 39 2.5
8 40 1.8
8 41 3.4
8 42 1.6
8 43 3.5
8 44 1.8
8 45 3.3
8 46 1.6
8 47 2.4
8 48 1.9
8 49 1.8
8 50 2.6
8 51 2
8 52 1.9
8 89 3
8 90 3.5
8 91 2
8 92 3.3
8 93 1.6
8 94 1.5
8 95 1.5
8 96 3
8 97 2.9
8 98 2.3
8 99 2.3
8 100 2.5
8 187 2.5
8 188 3
8 189 3
8 190 2
8 191 1.9
8 192 2.2
8 193 3.4
8 194 2.4
8 195 1.8
8 196 3
8 197 2.2
8 198 3.1
8 199 3
8 200 2.4
8 113 2
8 114 2.5
8 115 2.5
8 116 1.5
8 117 2.1
8 118 2.6
8 119 2
8 120 2.8
8 121 3.2
8 122 3.5
8 123 1.9
8 124 2.8
9 13 4.9
9 14 4.9
9 15 4.2
9 16 4.1
9 17 4.7
9 18 4.3
9 19 4.6
9 20 4.1
9 21 5
9 22 4.1
9 23 4.7
9 24 4.3
9 161 4.5
9 162 4.5
9 163 4.6
9 164 4.7
9 165 4.7
9 166 4.7
9 167 4.2
9 168 4.7
9 169 4.8
9 170 4.2
9 171 4.5
9 172 4.8
9 39 3.2
9 40 2.8
9 41 1.6
9 42 1.7
9 43 3.1
9 44 3.2
9 45 2.6
9 46 3.1
9 47 2.5
9 48 1.9
9 49 1.9
9 50 3.1
9 51 1.5
9 52 2.7
9 89 1.6
9 90 3.1
9 91 3.2
9 92 2
9 93 2.7
9 94 3.5
9 95 1.9
9 96 3.2
9 97 2.6
9 98 3.4
9 99 2
9 100 2
9 187 1.5
9 188 2.3
9 189 1.9
9 190 3.4
9 191 2.6
9 192 2.9
9 193 2
9 194 2.5
9 195 3
9 196 3.3
9 197 3.4
9 198 2.9
9 199 1.8
9 200 1.6
9 113 2.8
9 114 3.2
9 115 2.8
9 116 2.8
9 117 2.6
9 118 2.9
9 119 2.6
9 120 1.5
9 121 3.4
9 122 2.6
9 123 1.7
9 124 2.4
10 13 4
10 14 4.7
10 15 4.1
10 16 4.8
10 17 4.5
10 18 4.7
10 19 4.9
10 20 4.6
10 21 4
10 22 4.7
10 23 4.1
10 24 4.8
10 161 4.3
10 162 4.7
10 163 4.4
10 164 4.4
10 165 4.3
10 166 4.4
10 167 4.5
10 168 4.6
10 169 4.3
10 170 4.9
10 171 4.4
10 172 4.2
10 39 1.5
10 40 1.7
10 41 3
10 42 3.1
10 43 1.7
10 44 3
10 45 1.8
10 46 2.1
10 47 1.5
10 48 1.7
10 49 2.3
10 50 1.9
10 51 2.5
10 52 1.8
10 89 3.1
10 90 1.6
10 91 3.1
10 92 3.1
10 93 3
10 94 2
10 95 2.8
10 96 3
10 97 2.9
10 98 1.9
10 99 1.8
10 100 2.7
10 187 1.7
10 188 3.3
10 189 2.4
10 190 3
10 191 3.4
10 192 3.5
10 193 2.8
10 194 2.9
10 195 3.5
10 196 3
10 197 2.3
10 198 2.4
10 199 3.4
10 200 2.7
10 113 2.1
10 114 3.3
10 115 2.9
10 116 2.1
10 117 3.1
10 118 3.1
10 119 3.2
10 120 2.7
10 121 3.1
10 122 3.2
10 123 3.4
10 124 2.3
11 65 4.5
11 66 4.3
11 67 4.7
11 68 4
11 69 4.2
11 70 4.1
11 71 4.4
11 72 4.8
11 73 5
11 74 4.2
11 75 4.4
11 76 4.9
11 113 4.8
11 114 4.4
11 115 4.3
11 116 4
11 117 4.6
11 118 4.6
11 119 4.5
11 120 4.5
11 121 4.5
11 122 4.6
11 123 4
11 124 4.5
11 13 3.1
11 14 1.6
11 15 1.9
11 16 2.3
11 17 1.8
11 18 2.5
11 19 1.5
11 20 2.8
11 21 3.1
11 22 1.5
11 23 2
11 24 2.2
11 89 2.1
11 90 2.5
11 91 3.3
11 92 3.5
11 93 3.2
11 94 2.5
11 95 1.6
11 96 2.9
11 97 2.3
11 98 2.9
11 99 2.3
11 100 2.1
11 187 1.6
11 188 3.1
11 189 3
11 190 3.5
11 191 3.2
11 192 3.4
11 193 2.7
11 194 3.3
11 195 1.6
11 196 2.9
11 197 3
11 198 1.7
11 199 1.9
11 200 3
11 161 3.1
11 162 2
11 163 2.1
11 164 2.9
11 165 1.5
11 166 2.9
11 167 3.3
11 168 2.7
11 169 1.7
11 170 3.1
11 171 3.3
11 172 2.2
12 65 4.2
12 66 4.1
12 67 4.8
12 68 4
12 69 4.4
12 70 4.4
12 71 4.2
12 72 4.3
12 73 4.3
12 74 4.8
12 75 4.8
12 76 4.4
12 113 4.3
12 114 4.3
12 115 4.3
12 116 4.2
12 117 4.1
12 118 4.6
12 119 4.1
12 120 4
12 121 4.9
12 122 4.9
12 123 4.6
12 124 4.2
12 13 2.1
12 14 3.1
12 15 3.3
12 16 2.9
12 17 1.5
12 18 2.4
12 19 3.2
12 20 3.4
12 21 3
12 22 3
12 23 2.8
12 24 2.7
12 89 2.2
12 90 1.9
12 91 3
12 92 2
12 93 1.5
12 94 1.6
12 95 2.8
12 96 2.5
12 97 2
12 98 3.4
12 99 3.3
12 100 1.5
12 187 1.6
12 188 3.4
12 189 3
12 190 1.5
12 191 2.8
12 192 2.1
12 193 3.4
12 194 2.8
12 195 1.5
12 196 2.5
12 197 3
12 198 2.7
12 199 3.1
12 200 1.8
12 161 3
12 162 2.5
12 163 3.4
12 164 2.5
12 165 3.4
12 166 2.7
12 167 3.5
12 168 3.5
12 169 3.1
12 170 3.1
12 171 2.7
12 172 2.9
13 65 4.7
13 66 4.5
13 67 4.3
13 68 4.9
13 69 4.9
13 70 4.8
13 71 4.8
13 72 4.4
13 73 4.9
13 74 4.1
13 75 4.4
13 76 4.7
13 113 4.1
13 114 4.7
13 115 4.9
13 116 5
13 117 4.2
13 118 4.9
13 119 5
13 120 4.1
13 121 4.6
13 122 4.3
13 123 4.3
13 124 4.6
13 13 2.4
13 14 1.7
13 15 3.3
13 16 2.8
13 17 2.8
13 18 2.6
13 19 2.9
13 20 1.9
13 21 2
13 22 2.2
13 23 2.5
13 24 3.1
13 89 2.6
13 90 1.7
13 91 2
13 92 2.1
13 93 3.5
13 94 2.1
13 95 1.7
13 96 2
13 97 2.7
13 98 2.6
13 99 1.6
13 100 3.3
13 187 1.8
13 188 2.1
13 189 3
13 190 3.4
13 191 2.5
13 192 3.1
13 193 2.1
13 194 2.9
13 195 3.5
13 196 2.2
13 197 1.9
13 198 2
13 199 2
13 200 2.4
13 161 1.7
13 162 2.6
13 163 2.7
13 164 2.8
13 165 3.5
13 166 3.4
13 167 1.8
13 168 1.6
13 169 2.7
13 170 2.8
13 171 2.1
13 172 1.8
14 65 4.9
14 66 4.1
14 67 4.5
14 68 4.2
14 69 4.2
14 70 4.1
14 71 5
14 72 4
14 73 4.6
14 74 4.3
14 75 4.7
14 76 4.6
14 113 4.4
14 114 4.9
14 115 4.7
14 116 4.5
14 117 5
14 118 4.6
14 119 4.3
14 120 4.3
14 121 4.3
14 122 4.8
14 123 4.1
14 124 4.7
14 13 1.7
14 14 1.6
14 15 3.2
14 16 2.3
14 17 2.7
14 18 2.8
14 19 3
14 20 1.5
14 21 2.6
14 22 2.7
14 23 2.3
14 24 2.3
14 89 3.1
14 90 2.5
14 91 2.5
14 92 3
14 93 2
14 94 3.5
14 95 1.5
14 96 2.8
14 97 2.1
14 98 3.3
14 99 2.6
14 100 2.4
14 187 1.9
14 188 2.9
14 189 1.9
14 190 2.2
14 191 2.2
14 192 3.1
14 193 1.8
14 194 2.2
14 195 2.1
14 196 2.1
14 197 3.4
14 198 1.8
14 199 3.4
14 200 2.3
14 161 2.3
14 162 2.8
14 163 3
14 164 2
14 165 1.7
14 166 2.8
14 167 2.3
14 168 1.8
14 169 1.6
14 170 2
14 171 3.3
14 172 2.6
15 65 4.9
15 66 4.6
15 67 4.6
15 68 4.8
15 69 4.3
15 70 4.6
15 71 4.2
15 72 4.7
15 73 4.7
15 74 4.9
15 75 5
15 76 4.6
15 113 4.5
15 114 4.8
15 115 4.4
15 116 4.2
15 117 4.5
15 118 4.6
15 119 5
15 120 4.1
15 121 5
15 122 4.8
15 123 4
15 124 4.4
15 13 2.3
15 14 3.3
15 15 2.3
15 16 2.9
15 17 2.5
15 18 3.4
15 19 1.8
15 20 2.8
15 21 3
15 22 2.5
15 23 2.1
15 24 2.6
15 89 2
15 90 2
15 91 2.5
15 92 1.7
15 93 2.7
15 94 3.4
15 95 2.8
15 96 1.8
15 97 1.7
15 98 2.6
15 99 2.8
15 100 3.5
15 187 1.5
15 188 2.8
15 189 2.3
15 190 2.3
15 191 1.6
15 192 3
15 193 3.5
15 194 2.4
15 195 2.5
15 196 3.5
15 197 1.5
15 198 2.8
15 199 3.4
15 200 3.3
15 161 2.4
15 162 2.2
15 163 2.1
15 164 3
15 165 2.7
15 166 1.5
15 167 1.8
15 168 2.6
15 169 2
15 170 1.5
15 171 2.4
15 172 3.2
16 39 4.9
16 40 4.7
16 41 4.3
16 42 4
16 43 4.4
16 44 4.1
16 45 4.7
16 46 4.4
16 47 4.1
16 48 4.1
16 49 4.6
16 50 4.8
16 51 4.4
16 52 4.6
16 187 4.4
16 188 4.8
16 189 4.1
16 190 5
16 191 4.2
16 192 4.2
16 193 5
16 194 4.6
16 195 4.6
16 196 4.7
16 197 4.3
16 198 4
16 199 4.3
16 200 4.9
16 113 2
16 114 3
16 115 2.5
16 116 1.6
16 117 2.9
16 118 2.6
16 119 2.7
16 120 3
16 121 1.7
16 122 1.6
16 123 3
16 124 3.4
16 65 1.6
16 66 1.9
16 67 1.8
16 68 2.8
16 69 2.9
16 70 3.1
16 71 2.1
16 72 1.9
16 73 1.7
16 74 1.6
16 75 3.3
16 76 3
16 137 3.5
16 138 1.9
16 139 2.9
16 140 1.7
16 141 3.5
16 142 2.9
16 143 3.4
16 144 2.6
16 145 2.7
16 146 3.4
16 147 1.6
16 148 2.6
16 161 1.6
16 162 2.4
16 163 1.6
16 164 2.1
16 165 1.8
16 166 1.7
16 167 1.9
16 168 2.4
16 169 2.5
16 170 1.9
16 171 2.6
16 172 2.5
17 39 4.8
17 40 4.8
17 41 4.7
17 42 4
17 43 4.9
17 44 5
17 45 4.1
17 46 5
17 47 4.1
17 48 4.7
17 49 4.5
17 50 4.2
17 51 4.1
17 52 4.1
17 187 4.5
17 188 4.1
17 189 4.5
17 190 4.4
17 191 4.3
17 192 4.6
17 193 4.1
17 194 5
17 195 4.1
17 196 4.7
17 197 5
17 198 4.1
17 199 4.8
17 200 4.6
17 113 2.7
17 114 3.2
17 115 2.6
17 116 1.7
17 117 3.3
17 118 1.6
17 119 3.4
17 120 3.1
17 121 2.8
17 122 1.8
17 123 2.6
17 124 3.1
17 65 1.7
17 66 3.4
17 67 3.1
17 68 2
17 69 3
17 70 2.7
17 71 3.2
17 72 3.2
17 73 1.5
17 74 1.6
17 75 3.5
17 76 1.9
17 137 3.2
17 138 2.7
17 139 3.2
17 140 3.1
17 141 3.3
17 142 1.7
17 143 3
17 144 2.1
17 145 1.6
17 146 1.6
17 147 2.3
17 148 1.6
17 161 1.5
17 162 2.2
17 163 1.8
17 164 2.6
17 165 2.5
17 166 1.8
17 167 3.4
17 168 2.2
17 169 1.6
17 170 2.7
17 171 3
17 172 2.4
18 39 4
18 40 4.4
18 41 4.6
18 42 4.4
18 43 4.4
18 44 4.7
18 45 5
18 46 5
18 47 4.2
18 48 4.1
18 49 4.7
18 50 4.7
18 51 4.9
18 52 4.3
18 187 4.5
18 188 4.5
18 189 4.3
18 190 4.4
18 191 4.3
18 192 5
18 193 4.4
18 194 4.5
18 195 4
18 196 4.1
18 197 4.5
18 198 4.5
18 199 4.2
18 200 4.9
18 113 1.9
18 114 2.9
18 115 1.9
18 116 3.5
18 117 1.8
18 118 3.5
18 119 3.2
18 120 3.1
18 121 2.7
18 122 2.1
18 123 3.5
18 124 2.5
18 65 3.4
18 66 1.8
18 67 2.4
18 68 2.7
18 69 3.3
18 70 2.2
18 71 2
18 72 2
18 73 2.1
18 74 3.3
18 75 3.4
18 76 3
18 137 3.2
18 138 1.7
18 139 2.6
18 140 1.7
18 141 2.8
18 142 2.4
18 143 2.4
18 144 1.7
18 145 2.7
18 146 3.5
18 147 2.6
18 148 3.5
18 161 2
18 162 2.8
18 163 1.6
18 164 1.9
18 165 3
18 166 2.7
18 167 1.5
18 168 2.5
18 169 1.7
18 170 3.5
18 171 1.6
18 172 1.7
19 39 4.9
19 40 4.6
19 41 4
19 42 4.5
19 43 4.4
19 44 4.6
19 45 4.8
19 46 4.2
19 47 4.9
19 48 4.8
19 49 4
19 50 4.2
19 51 4.9
19 52 4.3
19 187 4.3
19 188 5
19 189 4.8
19 190 4.6
19 191 4.5
19 192 4.8
19 193 4.5
19 194 4.7
19 195 4.1
19 196 5
19 197 4.6
19 198 4.6
19 199 4.1
19 200 4.7
19 113 1.8
19 114 3.1
19 115 3.2
19 116 3.1
19 117 3.2
19 118 2.4
19 119 3.2
19 120 1.7
19 121 2.5
19 122 2.4
19 123 1.6
19 124 3.5
19 65 2.3
19 66 2.4
19 67 3.2
19 68 3.4
19 69 3.4
19 70 2.3
19 71 2.8
19 72 1.5
19 73 2
19 74 2.1
19 75 2
19 76 2.8
19 137 2.1
19 138 2.7
19 139 1.8
19 140 1.9
19 141 3.1
19 142 3.1
19 143 2
19 144 1.5
19 145 3.5
19 146 1.8
19 147 2
19 148 2.4
19 161 3.4
19 162 2.9
19 163 3.1
19 164 2.7
19 165 3.2
19 166 3
19 167 3.4
19 168 2.3
19 169 2.9
19 170 1.7
19 171 2.5
19 172 1.8
20 39 4.9
20 40 4.6
20 41 5
20 42 4
20 43 4.7
20 44 4.9
20 45 4.5
20 46 4
20 47 5
20 48 4.6
20 49 4.4
20 50 4.6
20 51 5
20 52 4.6
20 187 5
20 188 4.9
20 189 4.7
20 190 5
20 191 4.1
20 192 4.6
20 193 4.3
20 194 4.5
20 195 4.3
20 196 4.5
20 197 4
20 198 4.7
20 199 5
20 200 4.7
20 113 2.9
20 114 2.9
20 115 1.6
20 116 1.9
20 117 2
20 118 3.2
20 119 1.9
20 120 1.6
20 121 2.3
20 122 2.1
20 123 1.9
20 124 1.9
20 65 2.7
20 66 2.6
20 67 2.5
20 68 2.9
20 69 1.5
20 70 3.1
20 71 2.4
20 72 1.6
20 73 3.4
20 74 1.8
20 75 3
20 76 2.9
20 137 2.1
20 138 1.9
20 139 1.7
20 140 2.4
20 141 1.7
20 142 3.3
20 143 2.6
20 144 2
20 145 2.4
20 146 2.1
20 147 3
20 148 3.4
20 161 3.4
20 162 2.7
20 163 2.5
20 164 2
20 165 2.8
20 166 1.6
20 167 3.5
20 168 3.4
20 169 2.6
20 170 2.4
20 171 3.4
20 172 3.5
21 137 4.4
21 138 4.2
21 139 4.6
21 140 4.7
21 141 4.6
21 142 4.2
21 143 4.7
21 144 5
21 145 4.7
21 146 4.5
21 147 4.6
21 148 4.3
21 187 4.6
21 188 4
21 189 4.5
21 190 4.4
21 191 4.2
21 192 4.5
21 193 4.5
21 194 4.9
21 195 4.2
21 196 4.7
21 197 4.6
21 198 4.9
21 199 4.3
21 200 4.4
21 113 2.3
21 114 3.3
21 115 1.5
21 116 1.9
21 117 1.8
21 118 1.7
21 119 3
21 120 2
21 121 3.3
21 122 2.9
21 123 3.4
21 124 3.2
21 13 2.7
21 14 2
21 15 2.6
21 16 3.4
21 17 3.5
21 18 2.9
21 19 2.7
21 20 2.6
21 21 3.5
21 22 2.7
21 23 3.2
21 24 2.6
21 65 2
21 66 2.2
21 67 2.8
21 68 1.5
21 69 2.3
21 70 3
21 71 2.1
21 72 2.6
21 73 2.2
21 74 3.1
21 75 3.1
21 76 1.7
21 161 3.5
21 162 1.5
21 163 2
21 164 3.4
21 165 1.9
21 166 2.3
21 167 2.3
21 168 1.7
21 169 1.6
21 170 1.9
21 171 2.6
21 172 2.6
22 137 4.9
22 138 4.6
22 139 5
22 140 4.6
22 141 5
22 142 4.2
22 143 4.3
22 144 4.1
22 145 4.6
22 146 4.9
22 147 4.9
22 148 4.2
22 187 4.8
22 188 4.9
22 189 4.8
22 190 4.6
22 191 4.8
22 192 4.5
22 193 4.8
22 194 4.7
22 195 4.2
22 196 4.7
22 197 4.4
22 198 4.4
22 199 4.4
22 200 4.1
22 113 1.5
22 114 2.4
22 115 2.3
22 116 2.1
22 117 2.8
22 118 3.1
22 119 3.1
22 120 2.8
22 121 2.6
22 122 3
22 123 2.2
22 124 2.2
22 13 1.5
22 14 3.2
22 15 2.8
22 16 2.6
22 17 3.3
22 18 3
22 19 2.2
22 20 3.5
22 21 2.1
22 22 2.2
22 23 2.3
22 24 3.1
22 65 2.9
22 66 2.6
22 67 3.2
22 68 2
22 69 3
22 70 2
22 71 2.7
22 72 3.3
22 73 2.3
22 74 2.4
22 75 1.8
22 76 3.2
22 161 2.3
22 162 1.9
22 163 2.8
22 164 2.5
22 165 2
22 166 1.9
22 167 3.5
22 168 2.6
22 169 2.2
22 170 3
22 171 3
22 172 1.7
23 137 4.9
23 138 4.1
23 139 4.9
23 140 4.5
23 141 4.6
23 142 4.7
23 143 4.9
23 144 4.5
23 145 4.6
23 146 4.1
23 147 4.8
23 148 4.3
23 187 4.4
23 188 4.6
23 189 4.2
23 190 4
23 191 4.4
23 192 4.5
23 193 4.2
23 194 4.2
23 195 4.7
23 196 4.2
23 197 4.3
23 198 4
23 199 4.4
23 200 4.2
23 113 1.8
23 114 3.1
23 115 1.5
23 116 1.7
23 117 3.4
23 118 1.8
23 119 1.7
23 120 3.5
23 121 3
23 122 2.7
23 123 3.4
23 124 1.7
23 13 1.9
23 14 3.1
23 15 2.6
23 16 1.9
23 17 3.1
23 18 2.3
23 19 2.6
23 20 2
23 21 3.4
23 22 3.4
23 23 1.9
23 24 3.3
23 65 2.4
23 66 1.8
23 67 2.2
23 68 1.8
23 69 2.6
23 70 2.7
23 71 1.9
23 72 1.5
23 73 3.4
23 74 3.5
23 75 2.4
23 76 3.4
23 161 3.3
23 162 1.6
23 163 1.8
23 164 3.1
23 165 3.5
23 166 3.4
23 167 1.7
23 168 2.2
23 169 2.8
23 170 2.6
23 171 1.8
23 172 1.7
24 137 4.9
24 138 4.8
24 139 4
24 140 4.5
24 141 4.5
24 142 4.7
24 143 5
24 144 4.9
24 145 4.7
24 146 4.3
24 147 4.7
24 148 4.1
24 187 5
24 188 4.6
24 189 5
24 190 4.1
24 191 4.6
24 192 4.2
24 193 4.2
24 194 4.9
24 195 4.2
24 196 4.9
24 197 4.1
24 198 4.2
24 199 5
24 200 4.3
24 113 2.7
24 114 2.4
24 115 1.7
24 116 2.2
24 117 3
24 118 1.9
24 119 2
24 120 3.2
24 121 3.3
24 122 2.7
24 123 2.1
24 124 2.2
24 13 2.2
24 14 3.4
24 15 1.9
24 16 2.4
24 17 3.4
24 18 3
24 19 3.2
24 20 3.3
24 21 2.9
24 22 2.4
24 23 1.7
24 24 2.7
24 65 1.6
24 66 2.6
24 67 3.2
24 68 2.2
24 69 2.2
24 70 2.2
24 71 3.4
24 72 1.9
24 73 3.2
24 74 2.8
24 75 2.6
24 76 3.2
24 161 1.9
24 162 2.1
24 163 2.9
24 164 2.7
24 165 1.5
24 166 2.6
24 167 3.4
24 168 1.6
24 169 3.2
24 170 1.9
24 171 1.9
24 172 3.2
25 137 5
25 138 4.6
25 139 4.7
25 140 4
25 141 4.1
25 142 4.3
25 143 4.6
25 144 4.3
25 145 4
25 146 4.6
25 147 4.3
25 148 4.7
25 187 4.2
25 188 4.9
25 189 5
25 190 4.7
25 191 5
25 192 5
25 193 5
25 194 4.9
25 195 4.1
25 196 4.4
25 197 4.7
25 198 4.2
25 199 5
25 200 4
25 113 1.8
25 114 2.7
25 115 1.5
25 116 2.5
25 117 3.4
25 118 1.9
25 119 2.9
25 120 2.4
25 121 1.7
25 122 2.8
25 123 3
25 124 2.3
25 13 2.7
25 14 3
25 15 2.7
25 16 3.2
25 17 1.5
25 18 2
25 19 2.5
25 20 2.5
25 21 3.2
25 22 3
25 23 1.9
25 24 1.9
25 65 3.4
25 66 2.4
25 67 2
25 68 3.2
25 69 2.7
25 70 2.5
25 71 2.7
25 72 2.5
25 73 2
25 74 2.5
25 75 2.9
25 76 2.3
25 161 2.6
25 162 2
25 163 2
25 164 2.3
25 165 1.6
25 166 2.4
25 167 1.7
25 168 3.3
25 169 3.4
25 170 1.7
25 171 1.8
25 172 2.2
26 113 4.9
26 114 4.9
26 115 4.7
26 116 4.7
26 117 4
26 118 4.6
26 119 4.3
26 120 4.2
26 121 4.8
26 122 4.9
26 123 4.1
26 124 4.9
26 161 4.7
26 162 4.6
26 163 4.7
26 164 5
26 165 4.4
26 166 4.9
26 167 4.6
26 168 4
26 169 4.8
26 170 4.6
26 171 4.4
26 172 4.7
26 137 2
26 138 2.4
26 139 2.3
26 140 2
26 141 2.7
26 142 3.4
26 143 2.1
26 144 2.2
26 145 2.2
26 146 1.7
26 147 2.4
26 148 3.5
26 187 2.6
26 188 2.4
26 189 3.1
26 190 2.7
26 191 2.4
26 192 3.3
26 193 1.8
26 194 1.5
26 195 1.6
26 196 1.5
26 197 3.5
26 198 2.1
26 199 3.2
26 200 2.1
26 89 2
26 90 2.8
26 91 1.8
26 92 1.5
26 93 3.4
26 94 3.3
26 95 2.9
26 96 3
26 97 2.2
26 98 2.3
26 99 3.2
26 100 3
26 39 3.3
26 40 1.6
26 41 3.1
26 42 1.8
26 43 1.8
26 44 3.5
26 45 3.5
26 46 2
26 47 2.8
26 48 2
26 49 2.4
26 50 2.7
26 51 3
26 52 2.6
27 113 5
27 114 4.7
27 115 4.1
27 116 5
27 117 4.3
27 118 5
27 119 4.6
27 120 4.8
27 121 4.9
27 122 4.6
27 123 4.9
27 124 4
27 161 4.1
27 162 4
27 163 4.2
27 164 4
27 165 4.1
27 166 4.7
27 167 4.8
27 168 4.2
27 169 4.5
27 170 4.4
27 171 5
27 172 4.3
27 137 1.6
27 138 2.1
27 139 2.6
27 140 3.5
27 141 2.3
27 142 3.5
27 143 2.3
27 144 1.8
27 145 2.1
27 146 2.6
27 147 2.1
27 148 2.3
27 187 2.1
27 188 2.2
27 189 1.7
27 190 1.5
27 191 1.6
27 192 3.5
27 193 3.2
27 194 3.3
27 195 3.2
27 196 1.7
27 197 3.1
27 198 3.5
27 199 1.7
27 200 1.7
27 89 3.4
27 90 3.2
27 91 1.7
27 92 2.8
27 93 1.7
27 94 2.8
27 95 2.1
27 96 2
27 97 2.1
27 98 3.5
27 99 1.9
27 100 1.5
27 39 2.3
27 40 1.6
27 41 3.4
27 42 2.5
27 43 2.6
27 44 3.3
27 45 2
27 46 2.7
27 47 2.1
27 48 2.3
27 49 1.7
27 50 2.8
27 51 2.8
27 52 1.8
28 113 4.7
28 114 4.5
28 115 4
28 116 4
28 117 4.3
28 118 4.6
28 119 4.9
28 120 4.1
28 121 4.5
28 122 4.1
28 123 4
28 124 4.4
28 161 4.8
28 162 4.2
28 163 4.1
28 164 5
28 165 4.9
28 166 4.7
28 167 4.2
28 168 4.6
28 169 4.2
28 170 4.9
28 171 4.9
28 172 4.4
28 137 2.4
28 138 3.1
28 139 1.9
28 140 2.4
28 141 2.8
28 142 3.5
28 143 3.5
28 144 3.2
28 145 3.4
28 146 3.5
28 147 2.4
28 148 2.9
28 187 2.1
28 188 3.2
28 189 1.6
28 190 1.9
28 191 2.3
28 192 1.7
28 193 2.3
28 194 2.5
28 195 2.8
28 196 2.5
28 197 2.8
28 198 2.1
28 199 2.3
28 200 2.9
28 89 2.3
28 90 2.8
28 91 2.6
28 92 2.6
28 93 1.8
28 94 3.1
28 95 2.5
28 96 1.8
28 97 2.7
28 98 3.2
28 99 2
28 100 3.1
28 39 3.5
28 40 3
28 41 2.4
28 42 2.8
28 43 2.6
28 44 1.9
28 45 1.6
28 46 2.9
28 47 2.2
28 48 2.5
28 49 2.1
28 50 3.1
28 51 3.1
28 52 2.4
29 113 4.4
29 114 5
29 115 4.5
29 116 4.6
29 117 4.2
29 118 4.1
29 119 4.1
29 120 4.5
29 121 4
29 122 4.6
29 123 5
29 124 4.5
29 161 4.2
29 162 4
29 163 4.9
29 164 4.3
29 165 4.8
29 166 4.8
29 167 4
29 168 4.7
29 169 4.2
29 170 4
29 171 4.6
29 172 4.4
29 137 3.3
29 138 1.9
29 139 2.9
29 140 2.5
29 141 2.9
29 142 2.9
29 143 2.4
29 144 1.7
29 145 2.6
29 146 1.6
29 147 1.5
29 148 2.9
29 187 2.3
29 188 3.1
29 189 3.1
29 190 1.7
29 191 2.5
29 192 1.6
29 193 3.1
29 194 2.5
29 195 2.5
29 196 3
29 197 3.3
29 198 1.5
29 199 1.5
29 200 2
29 89 2.1
29 90 3.5
29 91 2.2
29 92 1.7
29 93 3.2
29 94 1.5
29 95 3.3
29 96 3.5
29 97 1.6
29 98 1.6
29 99 2.2
29 100 3
29 39 3.5
29 40 2.3
29 41 2.3
29 42 2.5
29 43 2.3
29 44 2.8
29 45 3.1
29 46 2.3
29 47 2.3
29 48 2.3
29 49 3.2
29 50 2.9
29 51 1.7
29 52 3.3
30 113 4.8
30 114 4.2
30 115 4.1
30 116 4.3
30 117 4.8
30 118 5
30 119 4.7
30 120 4
30 121 4.5
30 122 4.4
30 123 4.3
30 124 4
30 161 5
30 162 4.3
30 163 4.8
30 164 4.6
30 165 4
30 166 4.6
30 167 4.8
30 168 4.4
30 169 4
30 170 4.1
30 171 4.8
30 172 4.2
30 137 2.3
30 138 2.2
30 139 2.8
30 140 2.9
30 141 2.8
30 142 3
30 143 2.7
30 144 2.5
30 145 2.2
30 146 2.8
30 147 2.8
30 148 2.5
30 187 3.4
30 188 2.5
30 189 3
30 190 2
30 191 3.3
30 192 3.4
30 193 3.2
30 194 1.5
30 195 2.2
30 196 3.3
30 197 2.6
30 198 1.5
30 199 2.6
30 200 3.3
30 89 2.5
30 90 1.8
30 91 2.9
30 92 2.3
30 93 2.7
30 94 1.6
30 95 2.3
30 96 3.3
30 97 1.6
30 98 3.3
30 99 2.3
30 100 3.1
30 39 2.3
30 40 2.1
30 41 1.5
30 42 2.6
30 43 2.8
30 44 3
30 45 2.7
30 46 3
30 47 2.2
30 48 3.4
30 49 1.5
30 50 3.3
30 51 2.4
30 52 2.8
31 89 4.8
31 90 4.3
31 91 5
31 92 4.1
31 93 4.3
31 94 4.5
31 95 4.9
31 96 5
31 97 4.4
31 98 5
31 99 4.2
31 100 4.6
31 137 4.3
31 138 5
31 139 4.1
31 140 4.2
31 141 4
31 142 4.3
31 143 4.2
31 144 4.4
31 145 4.6
31 146 4.1
31 147 4.5
31 148 4.7
31 113 1.9
31 114 1.7
31 115 2
31 116 1.9
31 117 1.7
31 118 3.2
31 119 1.9
31 120 3.2
31 121 2.9
31 122 3
31 123 3.2
31 124 2.9
31 13 1.5
31 14 2.3
31 15 1.9
31 16 1.9
31 17 2.1
31 18 3.5
31 19 1.7
31 20 2.3
31 21 3.1
31 22 3.4
31 23 2.4
31 24 3.1
31 39 2.5
31 40 3.5
31 41 3.5
31 42 2.9
31 43 2.3
31 44 3.4
31 45 3.2
31 46 1.8
31 47 1.8
31 48 1.8
31 49 2.7
31 50 3.2
31 51 2.8
31 52 1.6
31 65 2.3
31 66 2.4
31 67 1.9
31 68 1.6
31 69 2.9
31 70 1.7
31 71 2.9
31 72 3.1
31 73 1.5
31 74 3.4
31 75 1.8
31 76 1.7
32 89 5
32 90 4.1
32 91 5
32 92 4.6
32 93 4.7
32 94 4.5
32 95 4.2
32 96 4.5
32 97 4.7
32 98 4.2
32 99 4
32 100 5
32 137 4.3
32 138 4.9
32 139 4.9
32 140 5
32 141 4.3
32 142 4.9
32 143 5
32 144 4.4
32 145 4.1
32 146 4.6
32 147 4.3
32 148 4.4
32 113 2.1
32 114 2.5
32 115 2.8
32 116 2
32 117 2.3
32 118 3
32 119 1.7
32 120 3.4
32 121 3.1
32 122 3.1
32 123 3.2
32 124 2.2
32 13 1.6
32 14 1.8
32 15 2.8
32 16 3
32 17 2.2
32 18 3.4
32 19 1.7
32 20 3.5
32 21 2.7
32 22 1.6
32 23 3.5
32 24 3.4
32 39 3.3
32 40 2.8
32 41 2.7
32 42 2.6
32 43 1.5
32 44 1.9
32 45 2.6
32 46 1.5
32 47 3.4
32 48 3.4
32 49 1.6
32 50 3.1
32 51 2.9
32 52 1.9
32 65 3.5
32 66 2.6
32 67 2.6
32 68 2.7
32 69 2.9
32 70 2.1
32 71 3.4
32 72 1.5
32 73 3.3
32 74 2
32 75 1.9
32 76 3.5
33 89 4.3
33 90 4.8
33 91 4.5
33 92 4.3
33 93 4.9
33 94 5
33 95 4.4
33 96 4.4
33 97 4.8
33 98 4.6
33 99 4.5
33 100 4.3
33 137 4.7
33 138 4.5
33 139 4.6
33 140 4.3
33 141 4.3
33 142 4.7
33 143 4.4
33 144 5
33 145 4.7
33 146 4.8
33 147 5
33 148 4.9
33 113 2.2
33 114 1.6
33 115 3.1
33 116 2.4
33 117 2
33 118 3.4
33 119 3.2
33 120 2.6
33 121 2.2
33 122 1.5
33 123 3.4
33 124 1.5
33 13 1.7
33 14 2.9
33 15 2.3
33 16 3.3
33 17 3.3
33 18 2.4
33 19 2.8
33 20 3.3
33 21 3
33 22 2.2
33 23 2.4
33 24 3.2
33 39 3.4
33 40 2.8
33 41 3.3
33 42 1.8
33 43 3
33 44 3.2
33 45 2.9
33 46 3.3
33 47 3.2
33 48 2.5
33 49 1.8
33 50 3.3
33 51 2.9
33 52 3
33 65 3
33 66 2.6
33 67 2
33 68 3.1
33 69 3.1
33 70 1.8
33 71 2.1
33 72 2.5
33 73 2.3
33 74 2.2
33 75 2.1
33 76 1.7
34 89 4.5
34 90 4.8
34 91 4.2
34 92 5
34 93 4.4
34 94 4
34 95 4.2
34 96 4.6
34 97 4.4
34 98 4.9
34 99 4.6
34 100 4
34 137 4.2
34 138 4.3
34 139 4.5
34 140 4.1
34 141 5
34 142 5
34 143 5
34 144 4.1
34 145 4.2
34 146 4.5
34 147 4.9
34 148 4.5
34 113 2.4
34 114 3.4
34 115 3.2
34 116 1.8
34 117 2.4
34 118 1.7
34 119 2.3
34 120 3.1
34 121 3.3
34 122 3.3
34 123 3.4
34 124 2.2
34 13 2.4
34 14 3.3
34 15 2.1
34 16 3
34 17 1.8
34 18 1.7
34 19 2.7
34 20 3.2
34 21 2.7
34 22 3.3
34 23 2.4
34 24 2.6
34 39 3.2
34 40 1.8
34 41 1.8
34 42 3.4
34 43 1.9
34 44 2.9
34 45 3.3
34 46 1.7
34 47 2
34 48 1.8
34 49 3.1
34 50 1.5
34 51 2
34 52 2.8
34 65 2.7
34 66 2.2
34 67 2
34 68 1.7
34 69 2.8
34 70 2
34 71 3
34 72 2.7
34 73 2.7
34 74 2.3
34 75 3.2
34 76 3.4
35 89 4.9
35 90 5
35 91 5
35 92 4.1
35 93 4
35 94 4.1
35 95 4.3
35 96 4.7
35 97 4.1
35 98 4.4
35 99 4.3
35 100 4.6
35 137 4.6
35 138 4.5
35 139 4.2
35 140 4.1
35 141 4
35 142 4.9
35 143 4.5
35 144 4.6
35 145 4.1
35 146 5
35 147 4.8
35 148 4.6
35 113 1.9
35 114 1.8
35 115 2.5
35 116 2.2
35 117 2.4
35 118 2.2
35 119 2.2
35 120 2.3
35 121 1.8
35 122 2.6
35 123 2.5
35 124 2.4
35 13 2.6
35 14 3.3
35 15 2.8
35 16 2.4
35 17 2.9
35 18 3.4
35 19 3.2
35 20 1.6
35 21 2.6
35 22 1.8
35 23 3.4
35 24 2.9
35 39 2
35 40 2.2
35 41 3.2
35 42 2
35 43 2.7
35 44 1.7
35 45 2.7
35 46 3.4
35 47 2
35 48 2.4
35 49 3
35 50 3.3
35 51 2.6
35 52 2.8
35 65 2.4
35 66 2.3
35 67 3.4
35 68 3
35 69 3.4
35 70 1.7
35 71 2.1
35 72 3.3
35 73 2.6
35 74 2
35 75 2.1
35 76 1.9
36 89 5
36 90 4.5
36 91 5
36 92 4.8
36 93 4.7
36 94 4.9
36 95 4.1
36 96 4.9
36 97 4.4
36 98 4.6
36 99 4
36 100 4.4
36 65 4.5
36 66 4.4
36 67 4.3
36 68 4.6
36 69 5
36 70 4
36 71 4.8
36 72 4.6
36 73 4.2
36 74 4.6
36 75 4.4
36 76 4
36 13 1.8
36 14 2.2
36 15 2.9
36 16 3
36 17 2
36 18 1.6
36 19 2.1
36 20 2.9
36 21 1.8
36 22 1.9
36 23 1.6
36 24 3.2
36 39 2.8
36 40 1.5
36 41 1.8
36 42 3.4
36 43 3.5
36 44 2.3
36 45 2.1
36 46 3.4
36 47 3
36 48 2.6
36 49 2.6
36 50 2.1
36 51 1.7
36 52 2.9
36 137 2.7
36 138 2.4
36 139 1.5
36 140 1.8
36 141 3.3
36 142 3.5
36 143 2.1
36 144 1.5
36 145 3.2
36 146 3.4
36 147 2.7
36 148 1.6
36 161 2.3
36 162 2.8
36 163 2.6
36 164 2.2
36 165 3
36 166 3.1
36 167 2.9
36 168 2.8
36 169 1.6
36 170 3.3
36 171 1.5
36 172 3.1
37 89 4.9
37 90 4.3
37 91 4.3
37 92 4.4
37 93 4.4
37 94 4.5
37 95 4.6
37 96 4
37 97 4.5
37 98 5
37 99 4.9
37 100 4.4
37 65 4.9
37 66 4.5
37 67 4
37 68 4
37 69 4.8
37 70 4.7
37 71 4.1
37 72 4.3
37 73 4.4
37 74 4.9
37 75 4.7
37 76 4.1
37 13 3.5
37 14 2.8
37 15 2.7
37 16 1.9
37 17 2.8
37 18 1.7
37 19 1.8
37 20 2.3
37 21 2.8
37 22 2.2
37 23 2.9
37 24 3.2
37 39 3
37 40 3.1
37 41 3.5
37 42 1.9
37 43 2.3
37 44 2.5
37 45 3.3
37 46 1.8
37 47 2.9
37 48 2.7
37 49 2.8
37 50 1.9
37 51 2.4
37 52 2.4
37 137 2.2
37 138 1.5
37 139 2.1
37 140 2.6
37 141 3.5
37 142 2.3
37 143 1.8
37 144 2.8
37 145 3.1
37 146 2.3
37 147 2.9
37 148 2.1
37 161 1.5
37 162 2.7
37 163 2.1
37 164 1.8
37 165 3.2
37 166 1.7
37 167 1.7
37 168 3.1
37 169 2.8
37 170 2.4
37 171 2.8
37 172 2.9
38 89 4.4
38 90 4
38 91 4.1
38 92 4
38 93 4.8
38 94 4.1
38 95 4.4
38 96 4.8
38 97 4.1
38 98 5
38 99 4.3
38 100 4.9
38 65 4.5
38 66 4.2
38 67 4.1
38 68 4.2
38 69 4.5
38 70 4
38 71 4.3
38 72 4.8
38 73 4.1
38 74 4.9
38 75 4.4
38 76 4.6
38 13 2.7
38 14 2.3
38 15 1.9
38 16 2.7
38 17 2.5
38 18 2.2
38 19 2.1
38 20 2.4
38 21 2.7
38 22 3.3
38 23 1.5
38 24 3.1
38 39 3
38 40 2.7
38 41 3.1
38 42 2
38 43 1.7
38 44 1.7
38 45 2.1
38 46 1.9
38 47 1.8
38 48 2
38 49 2.6
38 50 3
38 51 2.6
38 52 2.6
38 137 3.2
38 138 2.2
38 139 1.8
38 140 1.5
38 141 2.7
38 142 2.3
38 143 2.9
38 144 2.6
38 145 3.4
38 146 3.3
38 147 3.5
38 148 3
38 161 3
38 162 1.8
38 163 2.8
38 164 1.6
38 165 1.9
38 166 3.1
38 167 2.7
38 168 2.3
38 169 2.1
38 170 1.7
38 171 2.8
38 172 2.3
39 89 4.7
39 90 4.1
39 91 4.6
39 92 4
39 93 4.6
39 94 4.2
39 95 4.8
39 96 4.2
39 97 4.2
39 98 4.5
39 99 4.3
39 100 4.6
39 65 4.5
39 66 4.3
39 67 5
39 68 4.9
39 69 4.6
39 70 5
39 71 4.6
39 72 4.7
39 73 4.7
39 74 4.8
39 75 4.1
39 76 4.7
39 13 2.5
39 14 2.1
39 15 2.7
39 16 1.8
39 17 2.4
39 18 1.5
39 19 3.2
39 20 2
39 21 2.2
39 22 1.6
39 23 2.4
39 24 2.3
39 39 2.1
39 40 2.4
39 41 3.1
39 42 2.4
39 43 2.2
39 44 1.5
39 45 3.2
39 46 2.6
39 47 1.7
39 48 2.4
39 49 3.1
39 50 3.3
39 51 1.7
39 52 1.6
39 137 2
39 138 1.8
39 139 1.5
39 140 1.5
39 141 2.7
39 142 1.9
39 143 3.2
39 144 1.7
39 145 2.2
39 146 2
39 147 2.5
39 148 3.5
39 161 1.6
39 162 3.3
39 163 3.3
39 164 3
39 165 3.5
39 166 1.6
39 167 2.1
39 168 3
39 169 2.3
39 170 1.9
39 171 2.5
39 172 2.2
40 89 4.7
40 90 4.7
40 91 4.6
40 92 4.6
40 93 4.8
40 94 4.5
40 95 4.1
40 96 4.7
40 97 4.9
40 98 4.5
40 99 5
40 100 4.5
40 65 4
40 66 4.6
40 67 4.6
40 68 4.2
40 69 4.6
40 70 4.7
40 71 4.1
40 72 5
40 73 4.3
40 74 4.9
40 75 4.1
40 76 5
40 13 1.6
40 14 3
40 15 2.7
40 16 1.5
40 17 3.2
40 18 3.4
40 19 1.8
40 20 1.8
40 21 2.1
40 22 2
40 23 1.5
40 24 2.4
40 39 1.6
40 40 2.2
40 41 2.2
40 42 1.6
40 43 1.6
40 44 3.5
40 45 2.6
40 46 3.3
40 47 3.2
40 48 2.4
40 49 3.5
40 50 3.4
40 51 2.9
40 52 2.2
40 137 3
40 138 2.2
40 139 3.2
40 140 2.1
40 141 3.1
40 142 2.6
40 143 2.6
40 144 1.9
40 145 3.3
40 146 1.6
40 147 2.8
40 148 2.8
40 161 2.6
40 162 2.9
40 163 1.5
40 164 2.9
40 165 3.3
40 166 3.5
40 167 3.1
40 168 1.5
40 169 1.5
40 170 2.9
40 171 3.5
40 172 2.7